2,052857
0,170372
0,152604
0,150938
0,146064
0,138096
0,149266
0,136896
0,141515
0,129712
0,13907
0,135768
0,142578
0,1451
0,143148
0,138019
0,153017
0,148143
0,139781
0,145247
0,153471
0,14321
0,15013
0,175571
0,132471
0,14163
0,148688
0,128169
0,136722
0,130519
0,114228
0,116082
0,115066
0,121099
0,147297
0,128079
0,136326
0,121229
0,118773
0,12048
0,11442
0,119631
0,125409
0,104183
0,131694
0,118059
0,125374
0,139074
0,134622
0,130817
0,13866
0,129416
0,109208
0,121104
0,11392
0,121444
0,10957
0,118521
0,126098
0,134893
0,133967
0,147377
0,136453
0,128314
0,127245
0,132673
0,147151
0,247141
0,151864
0,122122
0,118199
0,124692
0,108397
0,117158
0,111459
0,125221
0,111882
0,114863
0,109064
0,173177
0,155259
0,1462
0,118871
0,117101
0,123448
0,106231
0,127576
0,119342
0,112853
0,118852
0,11778
0,132502
0,125845
0,1135
0,112316
0,109395
0,108313
0,110359
0,125994
0,108077
0,128032
0,12459
0,121878
0,127107
0,126781
0,113817
0,145393
0,144848
0,150254
0,164091
0,209428
0,160318
0,162647
0,17346
0,14757
0,197113
0,210588
0,136949
0,143073
0,130351
0,121873
0,131133
0,143193
0,137379
0,127094
0,121209
0,120949
0,115476
0,129981
0,125026
0,112718
0,114749
0,116384
0,12187
0,119458
0,140064
0,118524
0,119484
0,139952
0,13722
0,132956
0,125011
0,126812
0,163304
0,155165
0,128433
0,118312
0,118452
0,120727
0,120244
0,11068
0,114308
0,116937
0,115479
0,111753
0,129672
0,127781
0,118596
0,108595
0,113786
0,144597
0,134591
0,143938
0,164633
0,15212
0,134014
0,118558
0,123611
0,134377
0,112496
0,110877
0,10697
0,109643
0,113137
0,124561
0,139174
0,128495
0,132419
0,129192
0,122318
0,146025
0,162362
0,210743
0,148424
0,129045
0,145925
0,130713
0,119674
0,119595
0,133979
0,161727
0,147981
0,141491
0,140759
0,131264
0,117446
0,118989
0,133107
0,122479
0,120948
0,109759
0,125384
0,125921
0,137425
0,128627
0,121546
0,115298
0,119921
0,109741
0,11936
0,143945
0,128426
0,135382
0,138134
0,137375
0,130674
0,139651
0,123499
0,122154
0,118179
0,121246
0,126156
0,12076
0,192792
0,183578
0,154867
0,111947
0,110191
0,111812
0,109415
0,12141
0,112074
0,125285
0,128036
0,12992
0,124551
0,12346
0,115584
0,148882
0,133201
0,144496
0,14745
0,128503
0,128225
0,117516
0,129453
0,136889
0,115669
0,122899
0,11474
0,11245
0,123606
0,116742
0,128246
0,147392
0,130862
0,122478
0,223086
0,14439
0,121322
0,127555
0,142777
0,127162
0,127996
0,120562
0,127437
0,114378
0,115066
0,116991
0,150206
0,114559
0,123072
0,110221
0,112493
0,121451
0,113262
0,134328
0,130573
0,116252
0,155271
0,172609
0,137197
0,131841
0,1212
0,131478
0,111373
0,137363
0,121307
0,136355
0,129935
0,15001
0,126582
0,173757
0,143511
0,205237
0,139236
0,110378
0,132182
0,120425
0,112457
0,099948
0,109347
0,098236
0,101162
0,099796
0,101926
0,114332
0,105356
0,103058
0,109428
0,104316
0,099919
0,129531
0,098602
0,102782
0,109513
0,11032
0,100024
0,10264
0,10257
0,099485
0,099962
0,104665
0,098961
0,103203
0,11251
0,11894
0,111226
0,150322
0,156024
0,232338
0,153121
0,129239
0,107742
0,107355
0,109643
0,104092
0,105044
0,097969
0,10458
0,099933
0,104905
0,129427
0,102458
0,108528
0,09835
0,099677
0,100831
0,104363
0,099834
0,104124
0,099716
0,114734
0,104539
0,138724
0,099886
0,106852
0,106174
0,11151
0,106574
0,103739
0,146335
0,110825
0,109698
0,146727
0,174351
0,280189
0,199388
0,259701
0,287297
0,185409
0,221255
0,187163
0,143414
0,127166
0,110574
0,110431
0,136977
0,142095
0,11766
0,114503
0,111029
0,120757
0,144499
0,138493
0,140187
0,137837
0,138456
0,134381
0,122568
0,127495
0,163802
0,389396
0,247067
0,157789
0,174859
0,138152
0,145692
0,164739
0,131538
0,13952
0,134134
0,127828
0,118061
0,116184
0,150799
0,136656
0,140267
0,136032
0,127497
0,118348
0,144565
0,122446
0,110184
0,121124
0,144611
0,134209
0,144845
0,149743
0,139196
0,145382
0,139903
0,126427
0,136967
0,148472
0,139532
0,151612
0,14426
0,140726
0,142149
0,13115
0,142816
0,135348
0,14055
0,122076
0,110086
0,12921
0,14049
0,13592
0,133924
0,133217
0,137088
0,151703
0,120177
0,121685
0,116431
0,103946
0,108758
0,09852
0,09933
0,103022
0,135216
0,110097
0,148682
0,144808
0,13361
0,13324
0,122837
0,138657
0,140301
0,136173
0,117173
0,142861
0,138478
0,122538
0,105495
0,107
0,133838
0,138542
0,145108
0,133808
0,141315
0,124205
0,139568
0,131762
0,160569
0,12061
0,135726
0,153139
0,145974
0,128279
0,148615
0,146848
0,166345
0,177355
0,172882
0,157444
0,110868
0,108417
0,119546
0,139906
0,106813
0,125875
0,099747
0,118164
0,105201
0,104052
0,109563
0,105684
0,123819
0,166238
0,098448
0,101876
0,108348
0,099353
0,107984
0,102394
0,104255
0,103004
0,101655
0,100541
0,106889
0,10132
0,101357
0,101864
0,102769
0,114869
0,116398
0,101273
0,103559
0,105795
0,11049
0,098746
0,106375
0,100638
0,100124
0,102322
0,116815
0,101004
0,108337
0,09965
0,109693
0,103634
0,099236
0,107238
0,109256
0,104811
0,121304
0,113787
0,096494
0,101316
0,109585
0,096944
0,10267
0,101646
0,102661
0,112723
0,110117
0,102421
0,103453
0,099905
0,09831
0,104223
0,103538
0,102569
0,102076
0,098269
0,107282
0,098705
0,095796
0,108462
0,100739
0,101352
0,21328
0,125934
0,128686
0,116816
0,108719
0,099882
0,16055
0,197193
0,116553
0,100152
0,107069
0,109556
0,104192
0,103249
0,104096
0,106629
0,101581
0,099479
0,09665
0,117061
0,105251
0,10768
0,098322
0,100776
0,101726
0,099384
0,134177
0,112938
0,112048
0,105369
0,125477
0,100929
0,098287
0,128477
0,120801
0,100702
0,117847
0,109349
0,123017
0,113617
0,115337
0,114023
0,115561
0,112625
0,109793
0,116773
0,105916
0,109492
0,13636
0,122407
0,122711
0,143737
0,129981
0,147984
0,137422
0,137135
0,167398
0,140724
0,146356
0,140593
0,129125
0,114353
0,109138
0,140048
0,285968
0,191087
0,194266
0,122226
0,117889
0,112175
0,105573
0,111396
0,129777
0,105192
0,10267
0,113153
0,099632
0,123699
0,111567
0,104018
0,099313
0,099426
0,115457
0,10623
0,105889
0,116807
0,099244
0,107023
0,104202
0,106213
0,10005
0,107009
0,107408
0,108391
0,10071
0,103046
0,109923
0,102347
0,099155
0,103248
0,11051
0,103134
0,125568
0,120747
0,124767
0,104756
0,111776
0,102733
0,114481
0,103203
0,107374
0,174593
0,112698
0,096492
0,100981
0,100382
0,098302
0,101183
0,101038
0,109151
0,132678
0,099525
0,107105
0,103644
0,096971
0,097648
0,103033
0,103652
0,108424
0,124881
0,110847
0,098814
0,098672
0,102248
0,100931
0,105063
0,108805
0,099505
0,103874
0,111474
0,101121
0,099442
0,100224
0,112079
0,098781
0,100081
0,112238
0,124374
0,102236
0,103333
0,110772
0,102034
0,09399
0,09509
0,097684
0,098434
0,108025
0,104469
0,099594
0,107443
0,108545
0,101958
0,108937
0,099413
0,097108
0,100025
0,095203
0,098927
0,097633
0,1038
0,107397
0,101782
0,11423
0,111752
0,102791
0,114685
0,098253
0,09938
0,115986
0,128089
0,104348
0,1046
0,113093
0,136843
0,115709
0,100364
0,100726
0,099476
0,098273
0,113667
0,106031
0,099709
0,099733
0,10085
0,097625
0,098287
0,094669
0,100799
0,101451
0,119424
0,105716
0,101526
0,11283
0,117438
0,096659
0,105476
0,102277
0,099351
0,103846
0,105144
0,108768
0,109441
0,103561
0,102282
0,098348
0,104907
0,099132
0,103352
0,100388
0,114507
0,099997
0,101931
0,100965
0,100452
0,096619
0,109305
0,099005
0,099164
0,101116
0,111333
0,105301
0,101484
0,103934
0,102444
0,106735
0,096469
0,098566
0,096879
0,098593
0,10205
0,096312
0,09708
0,10234
0,097219
0,096866
0,105297
0,097438
0,1058
0,097765
0,123101
0,109975
0,101978
0,098569
0,097289
0,102066
0,09932
0,098359
0,099792
0,101319
0,110753
0,11349
0,109351
0,106876
0,099488
0,097331
0,100786
0,097769
0,099278
0,098544
0,100471
0,100688
0,09955
0,096556
0,097839
0,099046
0,11345
0,103938
0,105504
0,103279
0,108547
0,1108
0,099293
0,097741
0,100213
0,101005
0,10138
0,113855
0,098415
0,109034
0,109388
0,108619
0,103433
0,098077
0,100308
0,099197
0,112719
0,099392
0,098909
0,107646
0,102481
0,118982
0,105356
0,10825
0,103083
0,095974
0,099869
0,102021
0,108761
0,102016
0,119052
0,106567
0,103615
0,101721
0,111989
0,14398
0,098663
0,098085
0,108803
0,101278
0,116646
0,102668
0,097948
0,103174
0,102957
0,109619
0,100675
0,098093
0,098518
0,104364
0,109395
0,103561
0,107971
0,106936
0,113101
0,097629
0,103334
0,108664
0,12081
0,115498
0,104512
0,10257
0,098811
0,093856
0,099019
0,097808
0,119331
0,107865
0,099698
0,114478
0,105614
0,097617
0,102747
0,09511
0,09615
0,110818
0,098076
0,097504
0,104358
0,111312
0,134122
0,151012
0,127693
0,113922
0,123338
0,129731
0,108034
0,117648
0,107008
0,106308
0,111097
0,104087
0,097725
0,100547
0,101231
0,098961
0,10039
0,100763
0,108477
0,102704
0,103486
0,101658
0,105356
0,103706
0,108163
0,095236
0,099325
0,098921
0,1202
0,099611
0,099909
0,107196
0,100548
0,103412
0,098282
0,104264
0,0995
0,104631
0,112359
0,101273
0,098501
0,106967
0,100899
0,105217
0,100603
0,103292
0,097705
0,109541
0,117569
0,105802
0,108928
0,103129
0,118511
0,096797
0,100414
0,099024
0,103295
0,105303
0,099681
0,097585
0,098013
0,098636
0,10879
0,099048
0,096667
0,11285
0,105654
0,112259
0,104478
0,100079
0,098766
0,098927
0,105249
0,107808
0,102683
0,099887
0,099779
0,122004
0,100631
0,100584
0,103912
0,098721
0,103233
0,10373
0,099944
0,100086
0,094636
0,109385
0,097086
0,09776
0,098075
0,104971
0,099244
0,108745
0,098817
0,099403
0,100923
0,099219
0,109346
0,100955
0,101797
0,100246
0,107991
0,098186
0,100227
0,095525
0,104468
0,10977
0,112707
0,100309
0,098459
0,101375
0,099988
0,101892
0,097928
0,097243
0,097537
0,09874
0,12867
0,108332
0,104821
0,108975
0,105234
0,096772
0,100677
0,097894
0,100194
0,101405
0,111525
0,104476
0,10404
0,110208
0,097874
0,099082
0,105894
0,103773
0,100903
0,097507
0,125677
0,096506
0,100392
0,106465
0,099558
0,10248
0,104279
0,116479
0,107945
0,105337
0,101015
0,101402
0,100278
0,117565
0,105654
0,102866
0,097407
0,101288
0,104896
0,112086
0,098516
0,099484
0,103081
0,098721
0,100052
0,102949
0,105569
0,099191
0,098526
0,107488
0,105648
0,101831
0,105939
0,098488
0,101211
0,102323
0,097932
0,094672
0,102817
0,107481
0,09972
0,116178
0,098577
0,102797
0,10667
0,097926
0,099287
0,105012
0,107946
0,108823
0,107484
0,101547
0,101761
0,100369
0,107282
0,097687
0,097101
0,101006
0,108739
0,101132
0,108392
0,104892
0,101591
0,099039
0,103701
0,103625
0,108762
0,09939
0,09679
0,099618
0,11849
0,113343
0,101395
0,100843
0,101867
0,098037
0,103314
0,101686
0,102332
0,12999
0,130593
0,138366
0,127707
0,126761
0,108385
0,111074
0,097343
0,109246
0,097849
0,104358
0,11424
0,122317
0,102275
0,108651
0,099808
0,103883
0,106956
0,104595
0,113839
0,115994
0,107729
0,103038
0,11392
0,09969
0,098091
0,103841
0,098968
0,099646
0,101253
0,102526
0,120484
0,096489
0,098539
0,097264
0,096335
0,098629
0,099751
0,099626
0,099385
0,115252
0,103215
0,101206
0,094728
0,102446
0,103134
0,109619
0,100525
0,103976
0,104402
0,121104
0,105706
0,099372
0,10931
0,108507
0,104686
0,101281
0,096088
0,103118
0,09868
0,122456
0,104499
0,106711
0,102441
0,10175
0,116576
0,10692
0,132853
0,104028
0,114638
0,11829
0,10614
0,107692
0,102383
0,124993
0,120353
0,111852
0,109957
0,122524
0,113909
0,110326
0,103648
0,121749
0,109121
0,10601
0,104618
0,109407
0,126866
0,10923
0,107556
0,118573
0,118897
0,104552
0,107557
0,110763
0,099606
0,11494
0,107743
0,103106
0,097838
0,101437
0,099664
0,103915
0,11293
0,104839
0,109575
0,109178
0,103903
0,100793
0,118525
0,099979
0,096899
0,098966
0,097579
0,101432
0,104288
0,099566
0,105926
0,098417
0,10108
0,107248
0,094882
0,096969
0,100642
0,098212
0,099705
0,104528
0,109197
0,102466
0,108855
0,097735
0,098751
0,099193
0,102151
0,102735
0,105969
0,108831
0,115401
0,09809
0,096768
0,103258
0,099058
0,10396
0,102237
0,108487
0,102385
0,104728
0,116368
0,106432
0,102981
0,109074
0,100852
0,103182
0,098349
0,099116
0,103544
0,134427
0,126777
0,098845
0,09988
0,098935
0,10051
0,099978
0,098691
0,107966
0,096656
0,114825
0,099956
0,100242
0,1234
0,099906
0,09853
0,10364
0,102746
0,099097
0,100511
0,111992
0,111778
0,118579
0,1058
0,101955
0,117193
0,107256
0,103
0,100546
0,104364
0,117782
0,096134
0,101848
0,099645
0,099068
0,106739
0,116996
0,104309
0,102981
0,111866
0,113594
0,114921
0,099358
0,103991
0,099924
0,104784
0,101024
0,099262
0,099727
0,100924
0,106487
0,105184
0,105426
0,096442
0,099707
0,100258
0,099269
0,102299
0,109905
0,104873
0,108315
0,099807
0,101897
0,112455
0,115953
0,120234
0,11194
0,10304
0,103022
0,110278
0,098325
0,146212
0,104926
0,101885
0,095731
0,10209
0,097215
0,101187
0,098464
0,10919
0,100887
0,098765
0,104485
0,107695
0,098379
0,100824
0,117503
0,100002
0,101116
0,126297
0,099484
0,101432
0,098204
0,097586
0,097742
0,103766
0,098641
0,103661
0,108223
0,124502
0,113469
0,097908
0,101979
0,121046
0,104381
0,103384
0,111433
0,097805
0,097138
0,110172
0,104002
0,098656
0,106035
0,103994
0,098902
0,100791
0,104878
0,108897
0,104412
0,106895
0,098929
0,101168
0,104041
0,102508
0,10804
0,101511
0,103166
0,09834
0,100106
0,107245
0,111401
0,101658
0,101763
0,100114
0,098521
0,109429
0,096099
0,096518
0,098325
0,110762
0,102675
0,100487
0,11064
0,102428
0,096765
0,096671
0,11007
0,098759
0,129869
0,098893
0,101522
0,10363
0,110193
0,100726
0,10814
0,097324
0,097343
0,099841
0,105024
0,106081
0,116136
0,106887
0,101657
0,100612
0,099592
0,106739
0,10255
0,104733
0,100441
0,114686
0,100256
0,098125
0,09868
0,107897
0,104901
0,103877
0,106199
0,099034
0,099141
0,107994
0,100648
0,098788
0,107022
0,103726
0,101535
0,101123
0,108537
0,095586
0,097455
0,108784
0,09782
0,09725
0,102825
0,098631
0,104513
0,107044
0,101056
0,098754
0,100392
0,109046
0,103632
0,106074
0,104579
0,103075
0,099033
0,103064
0,104954
0,098419
0,098675
0,12227
0,104913
0,104068
0,099321
0,098375
0,106802
0,100111
0,104182
0,107622
0,104457
0,100306
0,098356
0,098278
0,09901
0,103941
0,106677
0,107649
0,105007
0,098018
0,110263
0,112925
0,103811
0,112992
0,100603
0,098253
0,101489
0,105439
0,10322
0,099865
0,104422
0,12017
0,102172
0,109384
0,103353
0,11579
0,106011
0,103465
0,098786
0,103234
0,099492
0,118874
0,105133
0,108247
0,100367
0,106005
0,107022
0,099091
0,102748
0,101237
0,106963
0,119106
0,101791
0,09743
0,096351
0,099755
0,097413
0,102062
0,098711
0,109449
0,101119
0,121478
0,101013
0,105678
0,09916
0,100264
0,100759
0,108589
0,107757
0,096935
0,105523
0,107377
0,096588
0,105247
0,098503
0,12334
0,131689
0,106883
0,101872
0,125498
0,114231
0,105479
0,102755
0,112216
0,103081
0,099945
0,098657
0,105642
0,102194
0,103889
0,120199
0,1105
0,102092
0,101656
0,097345
0,096052
0,09674
0,098952
0,106967
0,100105
0,114997
0,103743
0,105071
0,099993
0,103557
0,102172
0,106665
0,104051
0,097515
0,09692
0,109108
0,104153
0,101348
0,100688
0,102096
0,096701
0,09973
0,105948
0,11011
0,100646
0,112018
0,104389
0,098907
0,09949
0,11335
0,103811
0,097196
0,103262
0,102218
0,103785
0,111793
0,100757
0,097759
0,095011
0,097722
0,108099
0,096595
0,097967
0,097781
0,104736
0,112787
0,100178
0,097491
0,100084
0,099507
0,114094
0,097723
0,098501
0,100902
0,104266
0,114257
0,100081
0,10051
0,102841
0,108661
0,104824
0,102507
0,106625
0,101151
0,112494
0,114182
0,113212
0,103535
0,102623
0,108624
0,110716
0,097242
0,108646
0,102925
0,121463
0,098482
0,103165
0,115449
0,103567
0,115253
0,099235
0,100123
0,097102
0,110815
0,103396
0,100872
0,103913
0,09896
0,105636
0,10002
0,109163
0,102693
0,09681
0,103419
0,114102
0,097084
0,105177
0,104913
0,102944
0,101487
0,09675
0,097881
0,107016
0,09976
0,117893
0,102281
0,103763
0,105196
0,100516
0,100201
0,103794
0,105699
0,103377
0,100077
0,122249
0,096178
0,099521
0,101891
0,103892
0,095995
0,104426
0,111596
0,09791
0,098351
0,111839
0,110433
0,09857
0,09711
0,097079
0,103686
0,108619
0,103576
0,104905
0,099302
0,109146
0,108929
0,094205
0,094915
0,099801
0,099546
0,09757
0,108053
0,098203
0,134161
0,116667
0,106458
0,121328
0,121841
0,141681
0,128834
0,143651
0,12241
0,140163
0,145416
0,133122
0,125039
0,144392
0,139732
0,119186
0,118872
0,147596
0,162634
0,147792
0,134498
0,128655
0,132661
0,13179
0,139005
0,178067
0,133725
0,127173
0,13431
0,128349
0,159263
0,152696
0,144901
0,125879
0,132052
0,124887
0,139124
0,128846
0,162627
0,135976
0,140373
0,129909
0,133801
0,133992
0,114034
0,154812
0,175673
0,149194
0,201112
0,146607
0,145494
0,142925
0,171626
0,177508
0,204606
0,187788
0,142933
0,176784
0,146397
0,181214
0,178121
0,259396
0,159788
0,190273
0,181068
0,148344
0,134759
0,13623
0,224838
0,178796
0,145482
0,170297
0,182482
0,178269
0,180465
0,137733
0,133585
0,134899
0,134626
0,136273
0,145041
0,174317
0,148537
0,143964
0,148207
0,175697
0,182998
0,158314
0,177237
0,144407
0,164321
0,146195
0,139504
0,149204
0,189833
0,194518
0,160568
0,147504
0,141292
0,181091
1,060591
0,209935
0,164604
0,534362
0,416138
0,154487
0,145163
0,154949
0,119797
0,127813
0,130885
0,134615
0,121569
0,148652
0,130317
0,135057
0,121056
0,138222
0,115966
0,11323
0,11728
0,120841
0,139596
0,126476
0,116672
0,133322
0,148101
0,126805
0,134826
0,133652
0,174703
0,202704
0,241583
0,140115
0,146391
0,175252
0,136376
0,123806
0,140154
0,146435
0,157402
0,14128
0,157571
0,158444
0,12415
0,155221
0,142151
0,14308
0,111672
0,11571
0,109906
0,11901
0,122164
0,132576
0,161522
0,128862
0,124521
0,177457
0,191041
0,300799
0,228658
0,405799
0,14745
0,149843
0,179657
0,160083
0,143047
0,131983
0,143818
0,134076
0,133729
0,135421
0,11888
0,143987
0,123185
0,136981
0,139248
0,133355
0,139275
0,119313
0,117219
0,134491
0,117415
0,149894
0,146173
0,105229
0,110068
0,113835
0,100222
0,098892
0,101149
0,102707
0,099804
0,100388
0,109097
0,103972
0,105091
0,110421
0,10151
0,109336
0,10381
0,107184
0,111624
0,100374
0,104507
0,098783
0,102756
0,121975
0,099709
0,098485
0,105103
0,09974
0,113292
0,100476
0,105689
0,098772
0,100744
0,138623
0,132153
0,131467
0,156554
0,15931
0,153438
0,124844
0,133002
0,145649
0,123683
0,123563
0,120444
0,112177
0,125762
0,103976
0,101604
0,108724
0,106454
0,115049
0,107402
0,099074
0,100066
0,099411
0,099153
0,10245
0,100325
0,099547
0,105496
0,1064
0,096816
0,097827
0,10148
0,104919
0,105177
0,102066
0,1026
0,12096
0,1189
0,100995
0,09935
0,104825
0,105007
0,099781
0,144125
0,129852
0,153872
0,178988
0,136961
0,172332
0,154499
0,116189
0,111714
0,101804
0,10521
0,126226
0,111124
0,102925
0,154241
0,102915
0,103105
0,10984
0,099998
0,101903
0,111158
0,110396
0,108758
0,152361
0,141859
0,144209
0,151254
0,153409
0,146534
0,133355
0,152979
0,13188
0,144976
0,106289
0,103756
0,106698
0,116324
0,109195
0,105842
0,103803
0,104438
0,103842
0,106717
0,100997
0,100836
0,105517
0,14041
0,106451
0,110964
0,105484
0,099059
0,148395
0,122758
0,12268
0,182706
0,147579
0,137366
0,143367
0,124184
0,135617
0,135042
0,128891
0,135531
0,10931
0,103975
0,105103
0,099355
0,096818
0,095467
0,097481
0,099208
0,098011
0,149564
0,129826
0,166159
0,143166
0,144512
0,17726
0,166607
0,13278
0,125425
0,104346
0,115614
0,102063
0,098665
0,112732
0,106751
0,107243
0,114004
0,113745
0,113537
0,113775
0,11904
0,107436
0,111892
0,104733
0,103817
0,126004
0,115378
0,098499
0,101847
0,11049
0,099013
0,100081
0,09908
0,10014
0,098066
0,114003
0,104764
0,10167
0,099593
0,107468
0,104432
0,106815
0,105799
0,104467
0,101301
0,102882
0,102749
0,109177
0,098651
0,106097
0,098184
0,104712
0,098368
0,103011
0,106248
0,108056
0,116791
0,101007
0,09861
0,096763
0,096946
0,098931
0,099602
0,099048
0,097885
0,100964
0,103242
0,105199
0,098457
0,103712
0,101262
0,103411
0,108421
0,098994
0,104424
0,100939
0,117294
0,100484
0,112318
0,116939
0,141018
0,174497
0,109257
0,115223
0,121344
0,130709
0,166423
0,119769
0,145158
0,124637
0,150144
0,154199
0,142929
0,136516
0,106912
0,10169
0,101289
0,099545
0,121694
0,100354
0,101004
0,108029
0,126991
0,107708
0,104136
0,097773
0,108407
0,101334
0,097245
0,099506
0,098852
0,098169
0,128363
0,14608
0,125666
0,152774
0,135128
0,198258
0,128132
0,173303
0,107124
0,101471
0,102385
0,128916
0,132278
0,108439
0,100362
0,098386
0,133721
0,102238
0,098615
0,09804
0,10307
0,103891
0,099178
0,103111
0,112146
0,124523
0,109501
0,102594
0,098957
0,098269
0,098962
0,099097
0,104934
0,126322
0,098551
0,1172
0,106888
0,100393
0,097535
0,101369
0,095926
0,101642
0,095333
0,095472
0,093816
0,102595
0,102854
0,096826
0,099507
0,099385
0,098515
0,100934
0,103735
0,102204
0,098278
0,100474
0,144093
0,107748
0,100823
0,108734
0,102826
0,107262
0,119087
0,117689
0,13506
0,119596
0,113698
0,124079
0,136308
0,124451
0,121921
0,121993
0,133707
0,129079
0,163305
0,102857
0,101016
0,099823
0,101572
0,101339
0,098584
0,102688
0,099102
0,10299
0,125284
0,102724
0,102899
0,099945
0,107261
0,098239
0,097319
0,10066
0,097266
0,100398
0,106433
0,101001
0,107959
0,109864
0,098991
0,097064
0,097806
0,099588
0,099262
0,104366
0,104349
0,110008
0,099956
0,099427
0,104726
0,116359
0,132119
0,157329
0,130794
0,138077
0,216527
0,104822
0,100271
0,09791
0,095457
0,099383
0,10124
0,111032
0,109043
0,146925
0,144438
0,14404
0,140774
0,131537
0,175531
0,156845
0,137252
0,139186
0,103275
0,108625
0,105061
0,103857
0,108274
0,09956
0,102669
0,105657
0,104017
0,115236
0,103725
0,103846
0,123625
0,105329
0,097154
0,098574
0,10648
0,108939
0,09875
0,113634
0,110962
0,104217
0,09902
0,107005
0,099236
0,102015
0,103276
0,175133
0,124776
0,126858
0,156898
0,150379
0,137619
0,13547
0,170826
0,119655
0,142469
0,140503
0,116517
0,106661
0,123767
0,098905
0,106928
0,102828
0,160961
0,124855
0,122424
0,132155
0,147735
0,142511
0,11524
0,114393
0,133711
0,141102
0,169464
0,187649
0,139266
0,13132
0,1027
0,102301
0,112576
0,099838
0,104292
0,105074
0,105665
0,110872
0,098128
0,124738
0,110279
0,106567
0,130948
0,119201
0,100813
0,117764
0,098146
0,107067
0,131471
0,107037
0,102975
0,103985
0,11272
0,09983
0,101152
0,097726
0,09964
0,102831
0,114311
0,102889
0,120833
0,114363
0,11213
0,109973
0,103269
0,102499
0,129919
0,112561
0,111531
0,105781
0,118933
0,10716
0,11368
0,118303
0,130227
0,115098
0,112199
0,104135
0,108643
0,103291
0,105872
0,107757
0,113461
0,1061
0,106015
0,123468
0,109928
0,10516
0,119088
0,101402
0,101305
0,11082
0,096125
0,107328
0,098534
0,106744
0,103488
0,111633
0,122652
0,142943
0,138149
0,129266
0,137412
0,132376
0,153086
0,131061
0,12358
0,138866
0,13134
0,135226
0,123629
0,153717
0,141751
0,136122
0,119594
0,109009
0,110386
0,106485
0,100839
0,103174
0,114692
0,109019
0,139955
0,137257
0,115509
0,106223
0,103518
0,102441
0,108452
0,14582
0,138043
0,139236
0,155764
0,267763
0,137383
0,131085
0,126096
0,132711
0,106336
0,112086
0,098876
0,117226
0,102117
0,116339
0,114646
0,117713
0,127632
0,121589
0,102691
0,108568
0,115317
0,118199
0,108788
0,112978
0,111257
0,123397
0,10581
0,105193
0,109678
0,104919
0,101638
0,09812
0,100347
0,098874
0,111142
0,107258
0,105672
0,114124
0,10144
0,109434
0,100231
0,106428
0,098235
0,100229
0,100006
0,115851
0,098401
0,096523
0,100908
0,100351
0,108728
0,10552
0,110453
0,110473
0,104246
0,112306
0,10531
0,100724
0,103194
0,100279
0,097331
0,102582
0,110888
0,099687
0,097197
0,118742
0,108588
0,107197
0,116917
0,0985
0,104916
0,105322
0,099212
0,098536
0,125442
0,111619
0,120234
0,130895
0,129265
0,131039
0,134461
0,139181
0,129768
0,138768
0,141194
0,111497
0,103173
0,100496
0,109925
0,096571
0,144274
0,10541
0,124677
0,117271
0,110449
0,100789
0,097962
0,104019
0,096938
0,116943
0,141819
0,157878
0,13882
0,147244
0,161709
0,144274
0,152681
0,140766
0,158672
0,148534
0,186125
0,136324
0,148103
0,106863
0,10146
0,100294
0,102015
0,108542
0,107674
0,105196
0,105931
0,103171
0,102613
0,105507
0,110011
0,102883
0,100088
0,114195
0,100032
0,104104
0,105967
0,117042
0,103661
0,108717
0,102432
0,106095
0,158604
0,143155
0,106386
0,111297
0,114546
0,104858
0,105611
0,09644
0,109098
0,103111
0,114625
0,108608
0,112132
0,103205
0,104796
0,098995
0,100547
0,151747
0,134805
0,129804
0,12808
0,106829
0,112258
0,106751
0,112732
0,109476
0,110753
0,096813
0,101041
0,118834
0,099662
0,103372
0,101189
0,119046
0,114896
0,097637
0,103634
0,09973
0,10722
0,135187
0,117574
0,124493
0,126526
0,115191
0,121442
0,150578
0,132342
0,116965
0,147995
0,106943
0,101352
0,111604
0,101132
0,100419
0,102886
0,097986
0,112548
0,105872
0,100871
0,095695
0,095156
0,097967
0,099293
0,104676
0,100868
0,094436
0,103464
0,117663
0,105231
0,10995
0,103513
0,101609
0,117829
0,105067
0,111795
0,102599
0,129405
0,124179
0,133043
0,149565
0,145614
0,158898
0,122129
0,114841
0,126976
0,097631
0,100218
0,098422
0,100325
0,118597
0,107971
0,108755
0,101669
0,10653
0,115143
0,141801
0,114246
0,101424
0,120148
0,116254
0,10717
0,100699
0,111613
0,105357
0,120593
0,110111
0,118897
0,111193
0,119622
0,129944
0,147218
0,147566
0,166065
0,183656
0,127314
0,104971
0,096871
0,098781
0,111556
0,096519
0,101579
0,095031
0,120051
0,116689
0,104217
0,108479
0,103883
0,102964
0,106948
0,109809
0,105063
0,123539
0,112771
0,105754
0,110155
0,123452
0,10948
0,166861
0,107097
0,104334
0,105155
0,128721
0,096582
0,099149
0,104104
0,102618
0,129917
0,118874
0,102463
0,103127
0,124091
0,111381
0,096952
0,102647
0,097895
0,09709
0,113798
0,099989
0,104078
0,098814
0,11961
0,102063
0,104469
0,110966
0,098727
0,099317
0,098593
0,099126
0,098488
0,098283
0,108831
0,104782
0,094335
0,098549
0,100201
0,114215
0,103353
0,113208
0,099607
0,110632
0,106171
0,102296
0,11692
0,103045
0,102582
0,099039
0,099634
0,099607
0,100642
0,100393
0,11111
0,11343
0,095986
0,109273
0,097641
0,10423
0,101328
0,099815
0,111902
0,106912
0,10682
0,104743
0,114487
0,10151
0,10126
0,106175
0,111172
0,112833
0,102321
0,112634
0,099022
0,104288
0,099764
0,103061
0,101918
0,103494
0,101743
0,110379
0,09764
0,125171
0,104589
0,104067
0,104787
0,099069
0,098021
0,099469
0,109647
0,104777
0,097738
0,109315
0,105608
0,101094
0,101683
0,099553
0,094881
0,096781
0,098502
0,097475
0,098689
0,108969
0,124419
0,117388
0,106229
0,104223
0,099933
0,098656
0,097247
0,101316
0,10369
0,113752
0,104008
0,102225
0,107539
0,096233
0,099387
0,100124
0,109549
0,107884
0,10315
0,123451
0,102914
0,098291
0,100583
0,09877
0,106499
0,109246
0,100002
0,099224
0,105672
0,133512
0,109428
0,100852
0,100256
0,101281
0,097871
0,09917
0,098724
0,100812
0,110395
0,116218
0,098406
0,099269
0,101413
0,11619
0,095994
0,097675
0,100138
0,096338
0,095822
0,113771
0,10074
0,098698
0,101122
0,108965
0,103402
0,107123
0,114182
0,100648
0,122591
0,108032
0,112678
0,097841
0,095455
0,095135
0,103679
0,1
0,099677
0,099295
0,113787
0,130141
0,098976
0,106751
0,109336
0,099511
0,099648
0,111267
0,103309
0,102338
0,104362
0,108426
0,101959
0,110463
0,100813
0,099559
0,100338
0,097564
0,100652
0,100422
0,10893
0,104338
0,104185
0,098557
0,103665
0,104352
0,097389
0,134176
0,099743
0,112053
0,114031
0,136047
0,109513
0,099806
0,102212
0,098779
0,096677
0,101068
0,112276
0,118535
0,106682
0,098111
0,097072
0,103903
0,099269
0,099624
0,10527
0,098133
0,100532
0,117678
0,101282
0,097047
0,108831
0,10149
0,100495
0,110395
0,108357
0,095741
0,097692
0,111343
0,117773
0,105084
0,116233
0,106331
0,103108
0,098357
0,10029
0,113762
0,099023
0,121892
0,098107
0,101984
0,098644
0,102444
0,12106
0,095974
0,097653
0,104231
0,100157
0,144267
0,102515
0,107149
0,103491
0,098604
0,113264
0,106942
0,117621
0,112671
0,128869
0,114566
0,102458
0,104898
0,112084
0,117973
0,109121
0,109249
0,108126
0,117801
0,111408
0,113823
0,108331
0,115994
0,116557
0,107027
0,130777
0,109883
0,109373
0,120136
0,109917
0,109674
0,10937
0,119596
0,107019
0,1059
0,105631
0,109031
0,130886
0,098435
0,10456
0,099312
0,100548
0,104263
0,107241
0,10624
0,098176
0,107258
0,118829
0,115804
0,10418
0,104822
0,099526
0,101419
0,103002
0,118404
0,103128
0,11133
0,11257
0,109694
0,109185
0,103939
0,101358
0,09923
0,101419
0,098998
0,096182
0,103543
0,103011
0,096695
0,102907
0,099846
0,108025
0,108166
0,10813
0,103198
0,100106
0,117446
0,104008
0,101791
0,099956
0,09863
0,101315
0,099149
0,101277
0,10262
0,11456
0,108075
0,117605
0,10782
0,111648
0,106523
0,094485
0,098163
0,118859
0,10417
0,098572
0,117005
0,09949
0,099524
0,104183
0,09604
0,104675
0,109355
0,104701
0,096008
0,106161
0,103652
0,104025
0,099517
0,112596
0,102197
0,09597
0,110821
0,104294
0,097066
0,102381
0,152445
0,101046
0,101954
0,102061
0,093674
0,098275
0,096209
0,100725
0,097359
0,098042
0,120319
0,104204
0,106319
0,103825
0,103693
0,108013
0,096906
0,102248
0,105543
0,106751
0,109342
0,113456
0,105809
0,099639
0,102175
0,104685
0,104714
0,100475
0,099959
0,10975
0,112944
0,098714
0,097413
0,109029
0,100557
0,103013
0,108326
0,098577
0,106823
0,116706
0,101882
0,10127
0,096527
0,103702
0,099112
0,108004
0,103448
0,098561
0,10353
0,123004
0,114723
0,102474
0,098732
0,096863
0,101824
0,102663
0,103656
0,113362
0,118891
0,116409
0,098587
0,098377
0,105642
0,098573
0,098493
0,107363
0,111988
0,100378
0,100061
0,142837
0,100481
0,105214
0,108399
0,104414
0,096986
0,102212
0,114074
0,103381
0,105354
0,104169
0,100014
0,098184
0,109614
0,098857
0,099181
0,102699
0,108533
0,104101
0,103386
0,102376
0,112542
0,100288
0,09924
0,104416
0,097133
0,096944
0,099772
0,103567
0,104151
0,111541
0,111328
0,106119
0,101801
0,101947
0,106329
0,096053
0,097757
0,099825
0,101114
0,107145
0,106806
0,098588
0,102955
0,10018
0,110199
0,100983
0,099433
0,097493
0,103209
0,113917
0,129964
0,132835
0,097516
0,104247
0,120616
0,109493
0,099756
0,098815
0,097393
0,120437
0,100433
0,099854
0,097828
0,10068
0,094307
0,097244
0,100826
0,097795
0,097304
0,116783
0,112161
0,106305
0,108674
0,109005
0,110746
0,106051
0,100966
0,103704
0,105877
0,109179
0,101371
0,104937
0,098245
0,102232
0,099133
0,102527
0,098838
0,098292
0,105764
0,103104
0,103756
0,109375
0,105229
0,104666
0,103079
0,099738
0,103065
0,10426
0,110711
0,110306
0,099622
0,097759
0,09887
0,098816
0,097426
0,09578
0,095185
0,096847
0,096634
0,114082
0,102241
0,103788
0,097366
0,109025
0,105267
0,110815
0,110676
0,096631
0,098964
0,114171
0,109006
0,103397
0,104589
0,108736
0,104128
0,106707
0,095973
0,096166
0,111389
0,106256
0,099943
0,105538
0,10091
0,097079
0,100756
0,110236
0,100621
0,096316
0,100153
0,122363
0,097072
0,098491
0,099193
0,108147
0,10104
0,105331
0,104255
0,09639
0,101742
0,10256
0,097698
0,101277
0,097303
0,105872
0,102798
0,109403
0,098801
0,108684
0,103876
0,115567
0,10414
0,10385
0,097852
0,096917
0,103248
0,098528
0,110872
0,136622
0,123732
0,130213
0,137078
0,137586
0,127347
0,142071
0,133463
0,133859
0,133447
0,142431
0,136927
0,139993
0,148742
0,144765
0,13667
0,136544
0,13968
0,10276
0,10626
0,102782
0,112479
0,102798
0,101371
0,101582
0,100948
0,124725
0,101315
0,109577
0,096277
0,108215
0,099595
0,103359
0,116814
0,104428
0,09561
0,103028
0,130259
0,145773
0,157808
0,155824
0,152459
0,117944
0,111474
0,127867
0,116635
0,12958
0,106103
0,128352
0,112511
0,104487
0,113574
0,106542
0,125047
0,130942
0,112725
0,097216
0,102508
0,099
0,110977
0,097644
0,102134
0,102375
0,121365
0,099281
0,106287
0,098777
0,103343
0,100915
0,102044
0,097808
0,105044
0,102834
0,127927
0,129718
0,124538
0,147049
0,141654
0,181301
0,17542
0,149003
0,10653
0,105588
0,1068
0,113211
0,096829
0,109968
0,100263
0,114701
0,101416
0,124236
0,105085
0,099946
0,107684
0,095349
0,119472
0,105273
0,10891
0,104354
0,099474
0,115339
0,107169
0,100578
0,098388
0,141158
0,134677
0,144314
0,139875
0,178805
0,156146
0,125161
0,110298
0,138336
0,133539
0,14786
0,297134
0,151547
0,136667
0,13683
0,127589
0,121081
0,130856
0,134025
0,147913
0,15318
0,129753
0,130706
0,126518
0,124591
0,161475
0,128431
0,140057
0,13344
0,142918
0,127804
0,200097
0,142869
0,142468
0,151948
0,137989
0,137938
0,123098
0,125972
0,116889
0,119766
0,131195
0,136887
0,134156
0,125873
0,115757
0,122409
0,120548
0,114925
0,123934
0,130131
0,146553
0,157647
0,160457
0,126175
0,158189
0,12794
0,139402
0,139816
0,127617
0,137527
0,13888
0,12794
0,139033
0,141382
0,14952
0,127369
0,132568
0,135189
0,119576
0,131818
0,122966
0,139911
0,117151
0,118684
0,143879
0,147684
0,132975
0,14038
0,154223
0,140077
0,144945
0,136771
0,131745
0,135808
0,138085
0,10817
0,109481
0,137494
0,13164
0,125687
0,145624
0,132508
0,138626
0,137366
0,139069
0,118219
0,132044
0,157494
0,147353
0,119606
0,132586
0,126683
0,132303
0,137741
0,117052
0,130466
0,139358
0,131672
0,129947
0,11112
0,11738
0,108819
0,133633
0,11962
0,11571
0,12381
0,135995
0,126078
0,128812
0,13058
0,152151
0,164975
0,140749
0,146754
0,128901
0,142573
0,159518
0,14526
0,152419
0,13795
0,13628
0,13011
0,099253
0,106433
0,115011
0,104658
0,104978
0,104163
0,104608
0,103299
0,099277
0,101853
0,129513
0,126991
0,106377
0,104631
0,10384
0,104769
0,106468
0,11039
0,125659
0,177499
0,125082
0,105774
0,112618
0,114327
0,11187
0,106687
0,108112
0,10644
0,103091
0,12559
0,14359
0,135542
0,142787
0,147978
0,14348
0,165094
0,139161
0,140772
0,106197
0,106068
0,104174
0,112628
0,120442
0,115599
0,128811
0,111534
0,123645
0,131058
0,129196
0,10205
0,103501
0,102642
0,102698
0,10848
0,11102
0,137097
0,104159
0,097728
0,097769
0,115393
0,107374
0,14184
0,130226
0,097506
0,112136
0,106498
0,158706
0,144728
0,134312
0,162206
0,177069
0,146411
0,138959
0,135049
0,228225
0,142353
0,169112
0,144769
0,151935
0,132983
0,124858
0,110409
0,104861
0,103144
0,116871
0,1035
0,114256
0,108222
0,100096
0,104552
0,110221
0,105593
0,098519
0,112598
0,099345
0,106502
0,110653
0,102521
0,112434
0,122643
0,112115
0,146888
0,160551
0,186893
0,201319
0,138551
0,120756
0,104026
0,101033
0,109255
0,110264
0,143656
0,16542
0,145187
0,132965
0,150226
0,144699
0,150165
0,178463
0,14559
0,148732
0,133664
0,165506
5,61229
0,279643
0,140627
0,133173
0,134566
0,141034
0,126468
0,135262
0,133284
0,184177
0,178795
0,14134
0,129266
0,129917
0,122431
0,102383
0,107534
0,103658
0,117448
0,107143
0,105257
0,097443
0,097712
0,102047
0,101153
0,099568
0,109568
0,106417
0,115515
0,114401
0,098293
0,099659
0,099781
0,110268
0,101505
0,104059
0,101961
0,108871
0,100233
0,098119
0,098818
0,108392
0,129005
0,103439
0,109641
0,119767
0,154179
0,141673
0,140797
0,153005
0,141111
0,124391
0,141707
0,107144
0,111102
0,115866
0,100017
0,123881
0,098058
0,101092
0,099756
0,116686
0,096965
0,101984
0,097866
0,103656
0,109501
0,129477
0,102488
0,104558
0,108141
0,109341
0,10504
0,102996
0,099879
0,112831
0,097329
0,098919
0,100778
0,100612
0,097987
0,112234
0,137519
0,139203
0,124851
0,149202
0,108108
0,143386
0,105097
0,114524
0,106641
0,105547
0,10098
0,099507
0,103098
0,098473
0,099325
0,101962
0,098949
0,117432
0,108069
0,09881
0,098524
0,10295
0,099572
0,099976
0,097148
0,09723
0,118943
0,118041
0,112327
0,108996
0,102675
0,098332
0,096352
0,097632
0,103939
0,103686
0,112735
0,118075
0,129765
0,223522
0,145871
0,156727
0,10896
0,104204
0,108359
0,110321
0,105539
0,103908
0,118925
0,100852
0,109186
0,10879
0,105856
0,096515
0,114179
0,099666
0,103519
0,111065
0,106879
0,096888
0,118811
0,111695
0,099111
0,108332
0,106394
0,100786
0,094169
0,098555
0,098266
0,098159
0,103786
0,107213
0,095992
0,107724
0,125961
0,130814
0,107564
0,111054
0,103668
0,110333
0,098787
0,099608
0,099882
0,107948
0,102354
0,100936
0,097864
0,098124
0,101152
0,097837
0,098042
0,103996
0,099243
0,114102
0,103666
0,099345
0,106964
0,095959
0,103122
0,096525
0,097723
0,097478
0,097862
0,117243
0,111745
0,105435
0,104126
0,110612
0,100866
0,099858
0,101424
0,099876
0,136363
0,137058
0,133383
0,127622
0,113447
0,104637
0,107829
0,099741
0,106218
0,104609
0,133537
0,114418
0,098884
0,099839
0,106281
0,101554
0,103497
0,105412
0,101268
0,119635
0,102118
0,113216
0,105387
0,110391
0,106068
0,111453
0,101398
0,108675
0,098474
0,112335
0,103813
0,102846
0,103804
0,107465
0,09669
0,09777
0,102934
0,100131
0,103793
0,12324
0,114772
0,110513
0,111197
0,108539
0,103048
0,113653
0,105094
0,09786
0,120712
0,120113
0,104198
0,103912
0,098373
0,096094
0,100179
0,101054
0,117171
0,099451
0,127251
0,107688
0,102231
0,112897
0,101001
0,109044
0,099452
0,102384
0,100879
0,100145
0,107397
0,110063
0,10696
0,100256
0,102559
0,100136
0,109196
0,098686
0,099931
0,099384
0,119017
0,137325
0,141995
0,106323
0,101674
0,103316
0,109983
0,109907
0,096571
0,117747
0,106019
0,101266
0,110304
0,101651
0,109728
0,101658
0,104644
0,097656
0,124866
0,134
0,11393
0,096081
0,097841
0,104127
0,107794
0,103341
0,109748
0,098109
0,103162
0,126912
0,112804
0,108355
0,105397
0,103656
0,119259
0,102097
0,103247
0,105968
0,135887
0,142011
0,162669
0,159977
0,13383
0,131732
0,137494
0,158995
0,146655
0,118149
0,132725
0,136785
0,123146
0,130481
0,122106
0,163592
0,120049
0,106597
0,102793
0,116712
0,103323
0,121269
0,096123
0,10209
0,103658
0,115228
0,1007
0,110553
0,109809
0,105137
0,100753
0,102442
0,098833
0,098685
0,097861
0,111423
0,137871
0,114216
0,136458
0,153092
0,171835
0,158144
0,109819
0,107326
0,099554
0,099439
0,098236
0,098332
0,097289
0,117641
0,104197
0,098946
0,101088
0,10503
0,113017
0,101345
0,101196
0,115906
0,131439
0,169906
0,126489
0,142575
0,175018
0,145653
0,127966
0,154581
0,11747
0,104426
0,103872
0,096655
0,119246
0,111352
0,10501
0,106716
0,10469
0,108603
0,09931
0,109683
0,101881
0,099575
0,107363
0,100793
0,09785
0,101396
0,100082
0,09924
0,09999
0,097738
0,097878
0,100699
0,105513
0,111007
0,113819
0,106114
0,109486
0,10802
0,099648
0,099044
0,134826
0,120167
0,113814
0,119866
0,112186
0,12266
0,136421
0,135433
0,133647
0,129367
0,127495
0,151284
0,118686
0,133419
0,111388
0,108206
0,099407
0,102854
0,105588
0,105848
0,101402
0,103004
0,10936
0,102276
0,101895
0,101325
0,109332
0,099422
0,098961
0,118704
0,099709
0,100354
0,096102
0,097554
0,102515
0,098588
0,098724
0,107622
0,099337
0,106004
0,107048
0,146818
0,096585
0,099113
0,098648
0,098991
0,105404
0,108653
0,108521
0,115887
0,179737
0,147209
0,135968
0,204264
0,125614
0,107553
0,109814
0,139521
0,106795
0,112967
0,122714
0,111086
0,114012
0,133385
0,125396
0,145365
0,15491
0,13548
0,13839
0,174831
0,13424
0,130336
0,132785
0,132848
0,144215
0,123411
0,113677
0,12155
0,141444
0,136495
0,14138
0,113692
0,15539
0,153983
0,120677
0,143641
0,133923
0,148931
0,148505
0,126181
0,176769
0,143777
0,147206
0,205188
0,166528
0,225846
0,230663
0,119799
0,132563
0,142124
0,140273
0,134425
0,146945
0,148411
0,135228
0,153152
0,138214
0,138256
0,127583
0,14308
0,149305
0,168422
0,170667
0,315814
0,157891
0,141267
0,132546
0,14472
0,145384
0,152886
0,135083
0,14589
0,123277
0,143703
0,167547
0,134524
0,134191
0,13387
0,144718
0,167905
0,152405
0,154002
0,124048
0,145999
0,142123
0,120157
0,13615
0,156277
0,135082
0,143637
0,137342
0,134733
0,121211
0,142781
0,135335
0,143302
0,138887
0,142546
0,134957
0,118086
0,145496
0,135797
0,130984
0,139878
0,129165
0,133253
0,129765
0,13025
0,137341
0,141027
0,134051
0,129232
0,159172
0,139501
0,146676
0,131168
0,120876
0,139621
0,120512
0,114921
0,131329
0,130606
0,12855
0,149042
0,129956
0,141929
0,129692
0,128817
0,121931
0,136559
0,116731
0,165343
0,156162
0,136711
0,12673
0,126044
0,129213
0,12191
0,134531
0,119853
0,138532
0,136678
0,131524
0,132796
0,131075
0,127419
0,158816
0,163806
0,161015
0,563612
0,355068
0,149065
0,140361
0,165146
0,155903
0,1371
0,132302
0,162985
0,154203
0,15621
0,126515
0,118357
0,115031
0,124627
0,110116
0,12699
0,14544
0,138161
0,112998
0,130673
0,137696
0,146252
0,128946
0,170361
0,119605
0,132805
0,117847
0,122353
0,127993
0,113449
0,112822
0,124632
0,136109
0,138237
0,122958
0,146769
0,106591
0,132744
0,165845
0,127949
0,116377
0,129579
0,123659
0,123177
0,120603
0,140848
0,107237
0,11699
0,111588
0,130523
0,118168
0,150422
0,178235
0,128854
0,16291
0,146226
0,138845
0,149835
0,156761
0,116123
0,113862
0,14083
0,136136
0,151639
0,143471
0,135954
0,149266
0,118883
0,115278
0,120479
0,12728
0,121291
0,131378
0,10343
0,121597
0,110143
0,10939
0,115907
0,138528
0,121822
0,124212
0,125748
0,108061
0,131241
0,146491
0,141111
0,13913
0,143705
0,225923
0,314609
0,119968
0,11688
0,110439
0,128636
0,123661
0,114296
0,124522
0,113312
0,117839
0,114573
0,118518
0,112818
0,120014
0,154194
0,124999
0,113815
0,116869
0,116315
0,1129
0,108117
0,124936
0,124143
0,135223
0,112245
0,111107
0,110806
0,114801
0,128444
0,114183
0,108584
0,133149
0,113804
0,112885
0,112034
0,12185
0,16275
0,162106
0,164506
0,159732
0,11449
0,107946
0,125582
0,158666
0,121921
0,12247
0,116945
0,115886
0,1378
0,147989
0,140995
0,134505
0,119097
0,106719
0,135197
0,11398
0,118461
0,14532
0,128513
0,145602
0,141697
0,145867
0,139374
0,131475
0,112518
0,135718
0,16662
0,124805
0,124705
0,138232
0,113337
0,12537
0,13573
0,130624
0,143298
0,109695
0,14494
0,11482
0,118111
0,125213
0,106994
0,120894
0,112959
0,103547
0,138123
0,137711
0,132873
0,129046
0,118768
0,126866
0,131343
0,145815
0,113185
0,136024
0,116612
0,108602
0,126176
0,133044
0,127751
0,150435
0,125632
0,143398
0,120775
0,114113
0,116916
0,119436
0,099163
0,119451
0,131369
0,116481
0,12954
0,130392
0,127489
0,119908
0,142627
0,11195
0,123527
0,120728
0,123237
0,12349
0,13404
0,140477
0,145771
0,134425
0,137443
0,144209
0,144464
0,123888
0,136202
0,127746
0,131885
0,138341
0,131655
0,133925
0,132664
0,145263
0,137733
0,13325
0,120515
0,136265
0,144909
0,139196
0,153097
0,13522
0,128477
0,161778
0,115815
0,137954
0,114889
0,13255
0,122026
0,124627
0,116922
0,139897
0,14057
0,13899
0,156512
0,139061
0,14031
0,117808
0,132825
0,118534
0,137119
0,120375
0,14162
0,111436
0,140034
0,125735
0,144882
0,121071
0,132803
0,126552
0,13876
0,131402
0,142499
0,145836
0,116331
0,142188
0,146402
0,139857
0,152761
0,133069
0,125457
0,138471
0,142946
0,13475
0,13144
0,139105
0,136707
0,117056
0,145521
0,151505
0,145019
0,140075
0,142674
0,140692
0,14586
0,160311
0,141754
0,151546
0,150643
0,141022
0,128613
0,120642
0,151906
0,114761
0,123175
0,138867
0,130154
0,141555
0,118108
0,130264
0,12407
0,124688
0,133423
0,136103
0,144101
0,14147
0,143498
0,13161
0,134278
0,133557
0,128513
0,117486
0,106975
0,116144
0,116752
0,132941
0,1387
0,143278
0,133591
0,126666
0,136017
0,146593
0,14115
0,121645
0,144825
0,135292
0,136238
0,134783
0,138484
0,14223
0,131459
0,107434
0,14095
0,136573
0,122347
0,122584
0,130903
0,121543
0,131792
0,12116
0,119307
0,160526
0,125815
0,127534
0,115354
0,129345
0,118756
0,119529
0,142659
0,146843
0,144419
0,139613
0,137771
0,140736
0,138091
0,142367
0,121174
0,106215
0,138426
0,125233
0,120227
0,118756
0,121445
0,127249
0,104676
0,116002
0,177622
0,165535
0,161663
0,146805
0,145635
0,118938
0,124562
0,139554
0,137827
0,140714
0,133115
0,141924
0,137123
0,136834
0,110018
0,1079
0,116822
0,118712
0,137112
0,13969
0,125238
0,109145
0,115352
0,123527
0,132594
0,116151
0,121474
0,125932
0,135138
0,139839
0,109555
0,106297
0,109427
0,128726
0,124168
0,13668
0,139275
0,14769
0,150301
0,127676
0,106399
0,11481
0,140035
0,135507
0,159718
0,131652
0,148051
0,131265
0,121182
0,150586
0,130161
0,116063
0,132661
0,118179
0,125157
0,159347
0,15003
0,120698
0,120175
0,116274
0,13503
0,134585
0,133546
0,135879
0,132194
0,153127
0,129338
0,117107
0,119845
0,118415
0,138896
0,128748
0,134691
0,128015
0,139017
0,140967
0,109487
0,114563
0,117236
0,108708
0,113449
0,110012
0,136811
0,135387
0,122312
0,124296
0,127385
0,137259
0,127444
0,124966
0,115964
0,135574
0,110284
0,121032
0,165165
0,127641
0,134247
0,138285
0,113835
0,13937
0,140104
0,139167
0,120667
0,129812
0,137685
0,123806
0,121109
0,122479
0,139086
0,115955
0,137612
0,128044
0,130662
0,121524
0,139085
0,137131
0,138571
0,135993
0,141884
0,14583
0,149541
0,140525
0,121852
0,134885
0,126714
0,133916
0,130357
0,133352
0,131485
0,122889
0,143722
0,128711
0,141473
0,125843
0,120535
0,118017
0,132709
0,12297
0,116627
0,119591
0,134419
0,113069
0,128006
0,125782
0,125957
0,132755
0,125853
0,137074
0,10649
0,11273
0,115462
0,12348
0,135995
0,1399
0,137394
0,133541
0,147068
0,116912
0,127615
0,122576
0,124105
0,138164
0,123872
0,141049
0,131064
0,13409
0,138887
0,139856
0,128667
0,134387
0,133781
0,122496
0,130642
0,139985
0,120605
0,119433
0,123861
0,128058
0,158368
0,114612
0,151519
0,141623
0,135175
0,146188
0,134646
0,143346
0,131139
0,124809
0,136171
0,127503
0,108981
0,12599
0,120267
0,130639
0,136751
0,142364
0,133834
0,134455
0,144445
0,148888
0,136544
0,138797
0,14065
0,139186
0,144142
0,11666
0,11935
0,126622
0,12221
0,132878
0,11175
0,133746
0,1363
0,150515
0,127851
0,118164
0,111555
0,116888
0,116106
0,12203
0,117433
0,130021
0,146074
0,121263
0,137059
0,127005
0,129508
0,141336
0,141989
0,151436
0,149404
0,143751
0,122765
0,122536
0,119138
0,112769
0,133651
0,125782
0,157315
0,137556
0,110032
0,132649
0,160543
0,152832
0,133921
0,138562
0,136448
0,136279
0,149173
0,145609
0,143132
0,132017
0,118056
0,122165
0,124434
0,135491
0,137123
0,126697
0,135306
0,136951
0,115733
0,116896
0,11735
0,140089
0,148733
0,136925
0,129647
0,12866
0,144607
0,153614
0,148103
0,175883
0,148147
0,12017
0,124345
0,142884
0,127443
0,114189
0,135358
0,152809
0,129961
0,126237
0,154456
0,155817
0,131197
0,151757
0,141052
0,134742
0,130391
0,142983
0,122531
0,135008
0,136687
0,140667
0,133789
0,127966
0,155079
0,163773
0,159408
0,157249
0,195303
0,146914
0,128399
0,123057
0,150283
0,119421
0,146387
0,155903
0,126604
0,132402
0,122145
0,119562
0,1175
0,128986