3,618901
0,196477
0,155283
0,150329
0,130156
0,126554
0,143612
0,126838
0,136424
0,134947
0,137665
0,130785
0,13787
0,13856
0,137618
0,125755
0,134131
0,127266
0,139166
0,137667
0,132637
0,129963
0,130693
0,129023
0,131734
0,130511
0,135334
0,160391
0,116141
0,126644
0,135696
0,129105
0,131035
0,12737
0,121523
0,108845
0,120007
0,109886
0,106463
0,104878
0,10245
0,099389
0,108428
0,100673
0,102005
0,103324
0,107381
0,104537
0,109437
0,114779
0,116567
0,111167
0,108609
0,103111
0,104029
0,105502
0,102231
0,117176
0,134915
0,122443
0,129241
0,144177
0,126513
0,142013
0,185386
0,180776
0,151403
0,104536
0,102062
0,106306
0,106934
0,108291
0,114931
0,106399
0,10891
0,107271
0,106627
0,107012
0,106307
0,142479
0,120929
0,107397
0,119266
0,107414
0,127845
0,110779
0,106666
0,102901
0,111363
0,115958
0,106579
0,107388
0,110801
0,11201
0,105444
0,105928
0,118321
0,113574
0,114519
0,116677
0,108626
0,10936
0,155535
0,154947
0,171781
0,216653
0,165882
0,127048
0,133918
0,12627
0,118358
0,121388
0,117949
0,116895
0,129656
0,116761
0,132227
0,11554
0,138054
0,134329
0,115569
0,128452
0,123308
0,121554
0,124375
0,119997
0,128668
0,134219
0,12407
0,135475
0,113338
0,118327
0,121158
0,112779
0,129448
0,160709
0,141086
0,148727
0,112418
0,120941
0,109444
0,106683
0,116225
0,11629
0,139493
0,131186
0,137414
0,129992
0,133046
0,132822
0,143518
0,139029
0,13219
0,135085
0,103864
0,107903
0,112236
0,112553
0,114921
0,113741
0,116022
0,126263
0,11566
0,110911
0,110535
0,125142
0,104393
0,116442
0,114527
0,121044
0,134215
0,19809
0,211578
0,12637
0,16284
0,146811
0,122244
0,114442
0,112228
0,130635
0,129856
0,13821
0,126029
0,118055
0,111985
0,114901
0,113411
0,113908
0,112476
0,115882
0,116134
0,107831
0,126767
0,123392
0,114988
0,115106
0,126696
0,106909
0,117014
0,120836
0,120061
0,117379
0,133825
0,123994
0,12802
0,14212
0,199258
0,143115
0,130457
0,1359
0,108255
0,109213
0,110474
0,128335
0,11533
0,123923
0,119861
0,114924
0,127643
0,116697
0,116482
0,104539
0,124037
0,113688
0,116719
0,123255
0,102215
0,108386
0,109006
0,109483
0,118723
0,112772
0,109642
0,111171
0,112191
0,112409
0,125969
0,121975
0,135668
0,134421
0,139426
0,146553
0,154242
0,124092
0,238231
0,146175
0,106761
0,117827
0,120159
0,112031
0,116299
0,113454
0,121993
0,128969
0,115547
0,11243
0,109155
0,111231
0,108766
0,108963
0,108409
0,116931
0,135608
0,112975
0,119662
0,110116
0,108616
0,105765
0,112418
0,120514
0,140905
0,128422
0,163067
0,21762
0,229283
0,162262
0,144239
0,198732
0,147682
0,141451
0,112053
0,117245
0,107233
0,10495
0,147236
0,109992
0,109659
0,109757
0,123425
0,110954
0,116337
0,117157
0,107397
0,110807
0,114409
0,109116
0,117696
0,110079
0,11126
0,114967
0,116615
0,117376
0,096768
0,112609
0,130559
0,113641
0,155688
0,15259
0,183829
0,245643
0,14004
0,129203
0,142989
0,125293
0,135148
0,119943
0,133119
0,139491
0,122151
0,11709
0,114678
0,109467
0,111303
0,10519
0,122921
0,107604
0,124009
0,120183
0,105431
0,099771
0,094665
0,103084
0,120143
0,102387
0,115373
0,102291
0,10009
0,121344
0,126563
0,132481
0,165105
0,159984
0,174068
0,13845
0,137591
0,137907
0,130209
0,143615
0,131812
0,137763
0,130877
0,136581
0,15807
0,126612
0,135597
0,140854
0,121538
0,122295
0,123506
0,144837
0,138642
0,135333
0,129639
0,139509
0,14015
0,136832
0,138975
0,122893
0,125917
0,199015
0,135849
0,139125
0,137464
0,127183
0,120936
0,143184
0,127551
0,126482
0,134652
0,130536
0,143309
0,141439
0,139454
0,139084
0,124293
0,131598
0,128893
0,139885
0,143646
0,129784
0,124696
0,130918
0,131561
0,129526
0,130716
0,115399
0,156459
0,16892
0,153452
0,145195
0,128612
0,128216
0,130128
0,113483
0,106549
0,112792
0,099789
0,110998
0,105667
0,105685
0,126948
0,101828
0,09895
0,108193
0,100509
0,101953
0,107462
0,09458
0,09817
0,102093
0,11311
0,110031
0,104643
0,097838
0,097992
0,095714
0,101732
0,1097
0,109345
0,100436
0,105891
0,104851
0,137167
0,125524
0,095124
0,096583
0,107226
0,146542
0,132527
0,126977
0,126885
0,119952
0,103353
0,142644
0,13863
0,106879
0,108271
0,135493
0,132027
0,133195
0,133106
0,122837
0,104593
0,107219
0,135318
0,110534
0,122863
0,121894
0,107175
0,126578
0,146668
0,141272
0,130527
0,144431
0,139617
0,139742
0,122873
0,138086
0,149149
0,140302
0,130925
0,154541
0,146936
0,152237
0,152325
0,177059
0,140597
0,129385
0,143809
0,161908
0,135075
0,141792
0,144772
0,142543
0,144446
0,177148
0,135463
0,140929
0,13978
0,141326
0,13319
0,11665
0,096562
0,108932
0,109774
0,095016
0,097295
0,104225
0,101324
0,114526
0,101955
0,097895
0,125253
0,130056
0,126252
0,141029
0,132247
0,1312
0,14523
0,113917
0,112252
0,157445
0,120653
0,137766
0,207591
0,199638
0,124051
0,129153
0,143581
0,118145
0,147674
0,146459
0,144797
0,140675
0,139963
0,13192
0,150685
0,149129
0,141658
0,129489
0,136873
0,150365
0,12
0,150201
0,101618
0,0917
0,112353
0,113495
0,137736
0,103463
0,097713
0,096789
0,119627
0,129521
0,132052
0,139158
0,132347
0,119132
0,11623
0,142296
0,151702
0,139123
0,20429
0,16771
0,127606
0,11004
0,148929
0,172383
0,180191
0,136122
0,121787
0,131243
0,128174
0,124518
0,137001
0,152014
0,16456
0,144035
0,137084
0,14389
0,145813
0,134934
0,15803
0,116257
0,16977
0,193906
0,124876
0,161052
0,111381
0,118815
0,13337
0,115064
0,100695
0,111624
0,10823
0,103721
0,106089
0,106666
0,105693
0,10168
0,124803
0,123734
0,123426
0,152912
0,152688
0,134636
0,123381
0,133987
0,146579
0,136403
0,150481
0,125983
0,1599
0,135948
0,120474
0,140947
0,136996
0,181998
0,182301
0,127986
0,132093
0,152711
0,144604
0,135745
0,149894
0,123071
0,154634
0,10952
0,125483
0,113555
0,104425
0,1025
0,104017
0,095847
0,101174
0,095664
0,101364
0,11103
0,101275
0,119661
0,118388
0,102015
0,103195
0,113228
0,105425
0,098688
0,111851
0,094063
0,100396
0,111183
0,113493
0,118728
0,126454
0,144478
0,114841
0,152345
0,139326
0,132617
0,181551
0,180301
0,222031
0,190877
0,370054
0,150727
0,147281
0,101597
0,098896
0,106993
0,094485
0,111233
0,111747
0,115277
0,098424
0,131542
0,120057
0,131473
0,098452
0,094924
0,111283
0,0986
0,101682
0,095919
0,121668
0,154349
0,109741
0,110541
0,104256
0,111136
0,106287
0,102091
0,105458
0,120071
0,14894
0,142336
0,113145
0,170059
0,166369
0,178946
0,126582
0,123227
0,125711
0,125112
0,13493
0,128213
0,149275
0,139201
0,125185
0,143065
0,103995
0,111487
0,112274
0,104243
0,095783
0,115085
0,102166
0,095581
0,098734
0,106867
0,127055
0,159334
0,107521
0,09698
0,109479
0,097156
0,099414
0,093782
0,116378
0,117427
0,096152
0,103396
0,104503
0,098694
0,107565
0,098849
0,099036
0,101359
0,152307
0,12739
0,11358
0,13723
0,121185
0,11138
0,107755
0,114563
0,135045
0,10811
0,11421
0,118552
0,112546
0,112425
0,113815
0,119897
0,112599
0,173823
0,123409
0,106817
0,109154
0,110725
0,115632
0,110887
0,110672
0,102254
0,116126
0,109806
0,118832
0,108184
0,108213
0,115142
0,115924
0,118546
0,11766
0,122033
0,119755
0,137466
0,103284
0,115211
0,111336
0,115132
0,101829
0,105606
0,150239
0,125479
0,146069
0,150652
0,145125
0,134462
0,14257
0,166778
0,170566
0,175542
0,150008
0,158995
0,114621
0,10716
0,113511
0,121181
0,108098
0,102797
0,113117
0,105346
0,112913
0,106664
0,097882
0,099689
0,111957
0,129134
0,096084
0,098118
0,102806
0,103373
0,104506
0,107745
0,099925
0,098476
0,093578
0,111989
0,111054
0,102414
0,097234
0,100227
0,092024
0,128683
0,110076
0,099875
0,156863
0,149771
0,114007
0,101606
0,101789
0,098785
0,097907
0,102856
0,10379
0,092877
0,096971
0,115195
0,106158
0,099048
0,10254
0,102169
0,097772
0,093264
0,106391
0,095999
0,099087
0,132983
0,103972
0,095058
0,09773
0,099796
0,09994
0,093012
0,113251
0,104123
0,132992
0,103358
0,108637
0,102867
0,098324
0,10196
0,100283
0,104354
0,097758
0,102983
0,105221
0,099822
0,099043
0,098029
0,098801
0,09528
0,108572
0,099281
0,100214
0,109878
0,112583
0,099621
0,094653
0,096489
0,103262
0,098192
0,09673
0,09903
0,096689
0,100726
0,116624
0,106017
0,094432
0,09813
0,092044
0,092679
0,096784
0,111498
0,106808
0,101481
0,101015
0,105815
0,10318
0,09268
0,108867
0,100887
0,104894
0,103513
0,09893
0,106505
0,098873
0,12419
0,102217
0,097214
0,102521
0,102823
0,098938
0,094737
0,097944
0,096871
0,100549
0,10394
0,107006
0,095805
0,100385
0,113394
0,098382
0,100577
0,102133
0,100025
0,10534
0,115688
0,096721
0,098971
0,102017
0,098836
0,101509
0,104597
0,096955
0,093065
0,097738
0,110127
0,109471
0,101694
0,099165
0,100964
0,106149
0,101768
0,102317
0,092995
0,099195
0,111405
0,100142
0,107441
0,108248
0,094267
0,096722
0,101011
0,098892
0,107621
0,107141
0,130187
0,096146
0,098303
0,100505
0,098463
0,094093
0,097949
0,106543
0,098179
0,094407
0,112186
0,099399
0,102846
0,095857
0,106965
0,107758
0,093595
0,106534
0,098507
0,102255
0,118083
0,098187
0,099322
0,097303
0,09352
0,097537
0,09809
0,108389
0,091453
0,100982
0,111845
0,099897
0,097904
0,096618
0,099324
0,098064
0,108857
0,093727
0,097212
0,098469
0,115
0,09976
0,105965
0,098781
0,097073
0,096254
0,100736
0,099184
0,10947
0,092739
0,110953
0,09766
0,097254
0,102498
0,098904
0,109772
0,107678
0,102231
0,096547
0,101711
0,112843
0,103576
0,093783
0,097368
0,096553
0,099745
0,098886
0,098271
0,098205
0,104216
0,115226
0,113008
0,102537
0,109883
0,097365
0,102898
0,104597
0,102075
0,097905
0,102247
0,100898
0,107724
0,103347
0,09381
0,100757
0,099753
0,099955
0,112737
0,099486
0,096952
0,101962
0,114923
0,109587
0,097849
0,094475
0,101364
0,094287
0,107159
0,103075
0,102433
0,104475
0,122613
0,09875
0,102583
0,108913
0,103635
0,100201
0,097388
0,094513
0,099163
0,103226
0,120718
0,09884
0,094223
0,101105
0,095918
0,107955
0,100451
0,097518
0,110782
0,104474
0,110688
0,099049
0,096715
0,098364
0,100569
0,110857
0,100264
0,100668
0,098847
0,092623
0,118777
0,104439
0,110484
0,100748
0,097837
0,108154
0,101136
0,100583
0,097603
0,109379
0,11547
0,096571
0,099968
0,098331
0,097195
0,093289
0,092364
0,109798
0,09443
0,10269
0,103411
0,104308
0,099383
0,103613
0,10094
0,099294
0,103509
0,105704
0,104942
0,097363
0,114282
0,109128
0,101291
0,095598
0,10956
0,106603
0,108013
0,100709
0,101716
0,098306
0,102639
0,104933
0,112147
0,095012
0,096451
0,098571
0,105487
0,099891
0,096696
0,09596
0,113368
0,099048
0,097887
0,105239
0,105509
0,099827
0,102765
0,099653
0,101342
0,094092
0,11015
0,100873
0,108469
0,09179
0,102271
0,110217
0,107958
0,094762
0,092681
0,098293
0,104168
0,103323
0,102007
0,099956
0,098429
0,102367
0,092299
0,110525
0,094749
0,093272
0,13515
0,097296
0,099536
0,107487
0,092308
0,096051
0,095486
0,092144
0,091754
0,100285
0,100619
0,111473
0,105702
0,098689
0,096494
0,097105
0,102768
0,109663
0,098246
0,102367
0,099751
0,11573
0,097216
0,096507
0,10163
0,10336
0,097613
0,101978
0,095971
0,102235
0,102707
0,108386
0,100543
0,105736
0,100797
0,094806
0,100832
0,102075
0,100925
0,097779
0,10281
0,107589
0,098042
0,114629
0,113521
0,139863
0,160484
0,108509
0,09967
0,099063
0,106338
0,102271
0,097761
0,097203
0,096681
0,097888
0,104731
0,096129
0,099924
0,104393
0,124515
0,099167
0,103446
0,107522
0,099666
0,098903
0,102934
0,101928
0,096722
0,100144
0,107625
0,097478
0,10238
0,097431
0,092901
0,09198
0,098137
0,099468
0,098982
0,108936
0,109055
0,104441
0,098613
0,103507
0,095881
0,101659
0,093251
0,097138
0,109469
0,104696
0,105348
0,109352
0,105347
0,100964
0,10173
0,101082
0,101752
0,09522
0,100928
0,09818
0,109186
0,1192
0,100451
0,101764
0,108991
0,094242
0,098872
0,103084
0,095789
0,096363
0,093078
0,112487
0,097437
0,09694
0,096368
0,101021
0,118866
0,114682
0,092264
0,105652
0,101139
0,104626
0,102256
0,102568
0,096884
0,096368
0,093441
0,097337
0,099663
0,092763
0,107606
0,117767
0,097584
0,100806
0,102831
0,093583
0,098814
0,092899
0,111787
0,105028
0,096867
0,098432
0,098042
0,101125
0,110623
0,105461
0,098314
0,107986
0,097767
0,09877
0,096151
0,101799
0,114589
0,097439
0,097711
0,099485
0,09159
0,098926
0,158806
0,103537
0,094463
0,12245
0,097881
0,114815
0,095016
0,098429
0,103122
0,093595
0,10129
0,100661
0,111183
0,105433
0,108207
0,09911
0,111559
0,104099
0,097791
0,09811
0,099107
0,103406
0,102165
0,115707
0,09524
0,097523
0,103506
0,11911
0,09533
0,107919
0,098504
0,094175
0,09882
0,11334
0,098595
0,092616
0,10222
0,099795
0,114648
0,101862
0,110492
0,099869
0,100939
0,107392
0,097638
0,096439
0,097139
0,096502
0,102737
0,099372
0,10823
0,10172
0,103403
0,097693
0,109964
0,092892
0,092764
0,099428
0,101904
0,103764
0,102804
0,102254
0,107787
0,09746
0,107482
0,104017
0,097003
0,097338
0,099331
0,098038
0,102766
0,104664
0,102664
0,100965
0,091208
0,123717
0,100262
0,108229
0,09644
0,100688
0,098903
0,097172
0,101297
0,098872
0,10173
0,112759
0,106201
0,096894
0,099745
0,100242
0,093176
0,092916
0,10753
0,101172
0,109246
0,11287
0,094914
0,096556
0,099586
0,098769
0,108961
0,094565
0,099656
0,09336
0,097221
0,120416
0,099187
0,097269
0,101165
0,098849
0,09685
0,096932
0,099089
0,100376
0,098652
0,113299
0,10098
0,096661
0,093079
0,109616
0,099477
0,103312
0,092605
0,100318
0,10047
0,127783
0,101461
0,097776
0,097456
0,100875
0,092196
0,104487
0,109607
0,099827
0,099225
0,109706
0,095946
0,09385
0,099645
0,10144
0,105196
0,097743
0,100128
0,097596
0,108688
0,116668
0,106804
0,101736
0,119283
0,106561
0,10471
0,105679
0,11661
0,102329
0,113345
0,115465
0,121393
0,107296
0,111404
0,118531
0,110381
0,117221
0,116276
0,106857
0,11143
0,107931
0,116077
0,112164
0,111818
0,117456
0,1087
0,11493
0,128896
0,112582
0,105723
0,106527
0,108886
0,098954
0,10045
0,102584
0,102519
0,096591
0,110275
0,098874
0,104644
0,093454
0,096946
0,100273
0,091965
0,098636
0,108615
0,099339
0,098247
0,111478
0,101323
0,10859
0,107976
0,106822
0,107002
0,12607
0,119925
0,114816
0,117687
0,112205
0,109435
0,097935
0,109199
0,106284
0,100986
0,096183
0,09708
0,096339
0,092709
0,120983
0,097797
0,096282
0,102819
0,104589
0,110564
0,099723
0,101512
0,104647
0,09904
0,112203
0,111444
0,098253
0,097694
0,10993
0,094082
0,106955
0,107984
0,104959
0,095381
0,100331
0,103238
0,104605
0,095166
0,098187
0,097608
0,106689
0,10346
0,098012
0,092382
0,104044
0,100852
0,112843
0,099685
0,098043
0,098806
0,102489
0,101647
0,103803
0,092467
0,100878
0,108138
0,09753
0,099875
0,103507
0,102128
0,094036
0,097443
0,103261
0,097216
0,107216
0,1074
0,102206
0,109231
0,099433
0,098484
0,109986
0,09839
0,102671
0,100198
0,111394
0,103676
0,104186
0,103883
0,099015
0,097339
0,107576
0,099581
0,098044
0,097813
0,112563
0,097501
0,100135
0,098871
0,099012
0,104079
0,093848
0,100887
0,097542
0,115166
0,102767
0,096583
0,097517
0,099475
0,094813
0,10341
0,097081
0,099924
0,10194
0,10552
0,11249
0,095021
0,107921
0,102207
0,107774
0,10775
0,110211
0,095195
0,098642
0,096216
0,10333
0,095147
0,100185
0,102894
0,099609
0,10894
0,101518
0,096139
0,103138
0,102499
0,096463
0,106558
0,10773
0,108889
0,100931
0,109124
0,101031
0,09486
0,099298
0,101393
0,109455
0,11619
0,097025
0,102555
0,093166
0,108705
0,100471
0,100018
0,104558
0,101124
0,095802
0,113829
0,098741
0,095075
0,09777
0,10851
0,100683
0,10974
0,100039
0,094783
0,108796
0,104516
0,103352
0,094898
0,106475
0,101039
0,103156
0,141959
0,10912
0,115046
0,130722
0,119961
0,100394
0,110068
0,107897
0,103244
0,109747
0,097067
0,096428
0,108039
0,104339
0,099946
0,10437
0,102012
0,097919
0,096425
0,109515
0,100009
0,101678
0,098849
0,109711
0,105559
0,09314
0,09921
0,094241
0,102467
0,102893
0,098429
0,102756
0,104117
0,099525
0,117492
0,102103
0,096868
0,092205
0,107954
0,097256
0,099429
0,108593
0,09198
0,119673
0,120874
0,137152
0,131553
0,135504
0,134309
0,127122
0,122114
0,128388
0,175184
0,127501
0,13967
0,11837
0,10685
0,1408
0,123902
0,129042
0,128932
0,12797
0,125205
0,131501
0,137126
0,138982
0,128857
0,139171
0,122057
0,129509
0,133307
0,123679
0,112555
0,117312
0,112041
0,110191
0,11268
0,137985
0,132259
0,135075
0,128813
0,125556
0,123141
0,12688
0,128967
0,149529
0,126045
0,146957
0,133385
0,134865
0,144128
0,14202
0,11044
0,109148
0,116704
0,130549
0,133308
0,130306
0,130158
0,119271
0,107416
0,137313
0,179978
0,183833
0,146315
0,153496
0,163831
0,169223
0,164896
0,143102
0,132066
0,171887
0,139858
0,157261
0,119104
0,117042
0,121246
0,132615
0,128433
0,142126
0,122396
0,123045
0,130243
0,13203
0,158961
0,122706
0,120907
0,133126
0,122322
0,128361
0,124164
0,110665
0,14367
0,140098
0,124414
0,113445
0,126821
0,138316
0,127432
0,118748
0,118289
0,139349
0,141489
0,13021
0,150099
0,11899
0,135439
0,137555
0,146999
0,134828
0,154826
0,135862
0,137371
0,150543
0,14337
0,125541
0,156405
0,148023
0,181556
0,148837
0,17118
0,181024
0,217039
0,153466
0,194871
0,142854
0,171524
0,143205
0,130821
0,167449
0,170649
0,144754
0,191874
0,146268
0,181459
0,146954
0,142575
0,129781
0,118826
0,138513
0,123366
0,12118
0,136578
0,147077
0,126489
0,139838
0,145141
0,11833
0,105968
0,099165
0,107344
0,094622
0,112093
0,101013
0,096236
0,097383
0,106062
0,09881
0,098692
0,104703
0,107716
0,171026
0,143401
0,118643
0,110134
0,114802
0,105019
0,130585
0,139122
0,207596
0,205439
0,126723
0,136877
0,141448
0,131733
0,119444
0,164994
0,177158
0,146475
0,145674
0,134352
0,135612
0,137493
0,1402
0,141569
0,13819
0,135189
0,120147
0,121902
0,131576
0,134413
0,138188
0,14056
0,139551
0,129396
0,128256
0,141673
0,113748
0,122562
0,136504
0,193026
0,128657
0,190003
0,231697
0,237429
0,155284
0,145293
0,210742
0,164814
0,139781
0,135132
0,202508
0,180139
0,177128
0,132162
0,129238
0,114433
0,147569
0,24657
0,255911
0,165168
0,220486
0,194257
0,167277
0,148225
0,158338
0,161263
0,138313
0,135694
0,138876
0,132273
0,128376
0,137191
0,125593
0,124667
0,144058
0,150344
0,142836
0,119928
0,138729
0,130902
0,129975
0,145008
0,125227
0,142683
0,137542
0,138954
0,134007
0,137033
0,117156
0,142072
0,122851
0,137463
0,136888
0,143508
0,118504
0,137175
0,129115
0,15589
0,144865
0,170945
0,165663
0,245532
0,301654
0,158088
0,138288
0,15157
0,141677
0,132328
0,119586
0,147035
0,117694
0,131274
0,136544
0,132959
0,140929
0,128043
0,130882
0,144809
0,140749
0,124698
0,11792
0,110473
0,132873
0,107574
0,113804
0,127466
0,140958
0,143712
0,137779
0,160331
0,194165
0,372153
0,218255
0,146859
0,151165
0,137495
0,14172
0,165407
0,142078
0,132784
0,126811
0,125158
0,120027
0,134874
0,116666
0,137742
0,134413
0,142966
0,134028
0,138895
0,139898
0,136845
0,130056
0,150721
0,137693
0,146634
0,152672
0,138308
0,140623
0,129188
0,132327
0,225522
0,646293
0,248565
0,177583
0,239192
0,210638
0,171594
0,136174
0,155376
0,127768
0,147211
0,139641
0,164877
0,134287
0,151092
0,134831
0,136261
0,129234
0,162422
0,129778
0,141058
0,126469
0,135427
0,145475
0,18298
0,481971
0,192233
0,138533
0,140707
0,13549
0,169931
0,132072
0,140666
0,144749
0,14091
0,129085
0,135309
0,149506
0,127741
0,113288
0,12387
0,129051
0,144343
0,128119
0,13542
0,140518
0,136074
0,128572
0,135243
0,133353
0,125777
0,147388
0,13236
0,133509
0,131449
0,155337
0,135039
0,156302
0,135619
0,133246
0,137514
0,14002
0,143149
0,123423
0,115679
0,136509
0,13756
0,116946
0,109216
0,144943
0,131829
0,127275
0,137868
0,148476
0,122957
0,154668
0,147142
0,114445
0,119071
0,144675
0,134522
0,12075
0,125883
0,152104
0,191466
0,121028
0,115557
0,143565
0,116271
0,125904
0,125715
0,13845
0,134122
0,136837
0,144585
0,123798
0,135896
0,131596
0,116672
0,133142
0,131107
0,146549
0,139037
0,117265
0,107355
0,126125
0,133596
0,112142
0,127324
0,13822
0,133917
0,136657
0,135781
0,219656
0,174858
0,506513
0,360265
0,142508
0,155116
0,157599
0,128719
0,144835
0,144637
0,146275
0,158631
0,135519
0,13625
0,139837
0,143869
0,177337
0,152577
0,135445
0,145155
0,139137
0,127927
0,128391
0,14483
0,147193
0,14939
0,135798
0,144424
0,139016
0,134533
0,120661
0,152123
0,175822
0,135844
0,124927
0,121639
0,133918
0,152121
0,161112
0,13301
0,128066
0,157381
0,165965
0,151325
0,11974
0,128333
0,140374
0,141976
0,145133
0,133602
0,129045
0,143624
0,142884
0,118464
0,122917
0,136236
0,152737
0,120323
0,178406
0,257668
0,167396
0,13675
0,162147
0,129021
0,170437
0,1284
0,145034
0,136308
0,1294
0,128425
0,161272
0,149118
0,123361
0,154408
0,125595
0,136742
0,114194
0,140239
0,143868
0,113884
0,122006
0,136392
0,122565
0,144143
0,120651
0,13651
0,141739
0,135062
0,140482
0,135358
0,128288
0,146134
0,136149
0,140734
0,124446
0,126203
0,121327
0,14562
0,107007
0,127582
0,121309
0,116831
0,136522
0,138056
0,131793
0,143421
0,144311
0,143138
0,15922
0,165097
0,162815
0,119136
0,141286
0,12501
0,138413
0,149309
0,148035
0,186855
0,141704
0,126548
0,131837
0,146968
0,137575
0,168387
0,12238
0,118468
0,128213
0,127578
0,118581
0,13483
0,130078
0,131133
0,131253
0,15863
0,140414
0,149533
0,138086
0,109126
0,134221
0,128148
0,143327
0,132931
0,137307
0,116375
0,137681
0,123255
0,119661
0,175113
0,134868
0,122809
0,174268
0,178084
0,309517
0,119394
0,135879
0,135025
0,131153
0,147774
0,129159
0,119714
0,131798
0,124817
0,147593
0,132645
0,140915
0,141591
0,106608
0,134709
0,133973
0,121755
0,126712
0,128951
0,137908
0,112957
0,123494
0,116677
0,122924
0,134099
0,141302
0,135657
0,123906
0,152117
0,122408
0,138375
0,145287
0,141558
0,137307
0,128512
0,132238
0,127555
0,121438
0,119492
0,113568
0,132796
0,124064
0,107377
0,105754
0,127472
0,141586
0,13948
0,135539
0,112188
0,122349
0,128448
0,116875
0,116998
0,131959
0,138222
0,142312
0,136676
0,144573
0,139265
0,127888
0,127107
0,143687
0,156435
0,119454
0,150505
0,150616
0,132846
0,14669
0,133343
0,130734
0,127604
0,142239
0,171702
0,168336
0,126011
0,123463
0,131303
0,118569
0,120781
0,123124
0,120396
0,173724
0,119884
0,125725
0,14515
0,142937
0,136018
0,145185
0,170556
0,347103
0,141775
0,13082
0,127959
0,138664
0,142504
0,163452
0,151326
0,106348
0,161307
0,146153
0,123778
0,138893
0,134311
0,117903
0,12616
0,146511
0,12971
0,113019
0,141595
0,119182
0,125866
0,118291
0,12179
0,119979
0,145216
0,142053
0,136024
0,12672
0,119618
0,125183
0,138769
0,118693
0,139925
0,140432
0,136543
0,113071
0,139654
0,137951
0,144781
0,129189
0,13625
0,120116
0,143395
0,133105
0,143804
0,15397
0,134845
0,125402
0,129913
0,117479
0,133434
0,115553
0,104227
0,125886
0,135109
0,152346
0,114914
0,177703
0,20465
0,204278
0,163729
0,119126
0,131727
0,130923
0,133989
0,136722
0,174882
0,147965
0,172298
0,106739
0,11423
0,121845
0,133257
0,129177
0,131894
0,119704
0,14158
0,135208
0,132551
0,12742
0,131418
0,117626
0,123322
0,127359
0,138489
0,117995
0,130497
0,130455
0,144117
0,125892
0,143433
0,147821
0,13577
0,124702
0,112333
0,117144
0,14057
0,130906
0,134815
0,136191
0,133628
0,137854
0,141868
0,172793
0,136962
0,138182
0,119451
0,152421
0,137742
0,128143
0,137757
0,12763
0,137945
0,13248
0,13715
0,134458
0,132754
0,131078
0,138824
0,180139
0,156958
0,125863
0,131099
0,119017
0,137424
0,148935
0,145345
0,173347
0,132652
0,125122
0,137151
0,136219
0,120397
0,121872
0,140366
0,134195
0,131231
0,13805
0,123239
0,139716
0,120293
0,131933
0,150553
0,129142
0,147406
0,126189
0,111478
0,121566
0,127657
0,123778
0,12761
0,137784
0,112784
0,116654
0,113013
0,16812
0,38121
0,161915
0,146213
0,143361
0,137165
0,142541
0,120746
0,145543
0,130242
0,134672
0,123178
0,143436
0,140733
0,16314
0,127913
0,107458
0,112394
0,108723
0,130032
0,124518
0,134748
0,137411
0,124455
0,120108
0,140478
0,129476
0,136592
0,136618
0,140987
0,135385
0,135609
0,118042
0,129905
0,136469
0,127835
0,177621
0,131031
0,124456
0,136737
0,136397
0,125933
0,120841
0,114058
0,130474
0,121287
0,134814
0,113448
0,130773
0,138119
0,113415
0,122019
0,130378
0,131722
0,122499
0,120449
0,122303
0,154926
0,144295
0,143453
0,142225
0,12827
0,120449
0,116671
0,121007
0,158987
0,15242
0,150739
0,158262
0,147241
0,127174
0,134197
0,123714
0,110815
0,12875
0,139051
0,135629
0,137386
0,135323
0,138259
0,144127
0,143296
0,133558
0,115439
0,115713
0,118108
0,135157
0,117402
0,124326
0,104978
0,122728
0,125135
0,122412
0,157258
0,12446
0,111872
0,127613
0,120867
0,128526
0,138513
0,112755
0,140081
0,127838
0,112215
0,118284
0,139746
0,124451
0,130238
0,13619
0,153889
0,152797
0,135529
0,112811
0,141991
0,145025
0,143325
0,150896
0,120324
0,123004
0,115487
0,12839
0,12478
0,138728
0,130187
0,120272
0,140588
0,131515
0,124663
0,128488
0,126947
0,149545
0,129496
0,130981
0,130953
0,137223
0,114501
0,108504
0,138695
0,150316
0,130685
0,1133
0,131775
0,132221
0,119294
0,111973
0,127825
0,151194
0,130299
0,124713
0,125568
0,124225
0,136152
0,11794
0,128922
0,15653
0,119313
0,112443
0,123527
0,1117
0,110352
0,120281
0,118331
0,114179
0,114245
0,106039
0,128892
0,113237
0,110019
0,136067
0,134129
0,117163
0,116959
0,120037
0,119317
0,136327
0,131455
0,120162
0,105671
0,116926
0,114451
0,114321
0,142008
0,148002
0,129677
0,126515
0,12992
0,150619
0,11999
0,133819
0,141578
0,12002
0,136711
0,125521
0,133298
0,120136
0,123948
0,128501
0,126629
0,127458
0,12927
0,138656
0,155698
0,130559
0,142881
0,14265
0,126089
0,133018
0,135809
0,135339
0,129242
0,135989
0,127713
0,126573
0,118201
0,131321
0,131265
0,137693
0,139422
0,134408
0,145326
0,124376
0,15628
0,120373
0,12155
0,119767
0,120849
0,128597
0,128626
0,138317
0,132206
0,127955
0,139895
0,14334
0,132627
0,13816
0,126317
0,136692
0,155506
0,124824
0,133995
0,133199
0,120307
0,112574
0,139619
0,111212
0,140797
0,143356
0,131644
0,137219
0,121404
0,119077
0,132026
0,140127
0,135966
0,122237
0,115864
0,134779
0,106856
0,104722
0,102782
0,102221
0,166118
0,149807
0,136153
0,142625
0,108845
0,141524
0,136491
0,127147
0,138085
0,12015
0,131517
0,157148
0,137253
0,128185
0,127645
0,124345
0,1202
0,133981
0,137074
0,141622
0,165396
0,138064
0,142609
0,135732
0,11502
0,114764
0,136455
0,117288
0,116632
0,131084
0,127239
0,134817
0,143527
0,135062
0,124946
0,129134
0,119283
0,140553
0,111604
0,137039
0,141267
0,129089
0,106887
0,104332
0,123438
0,132903
0,126729
0,130689
0,153533
0,134262
0,12376
0,134874
0,117615
0,106644
0,116049
0,133607
0,125802
0,124712
0,111451
0,136737
0,125111
0,12905
0,132704
0,120505
0,137381
0,130844
0,138101
0,115048
0,114618
0,113803
0,13062
0,121151
0,106401
0,116543
0,121223
0,13316
0,106436
0,113375
0,146776
0,12318
0,132621
0,10778
0,120408
0,14445
0,122139
0,148439
0,115693
0,140108
0,110945
0,126274
0,128958
0,117592
0,128741
0,124306
0,132563
0,135136
0,144762
0,119272
0,134163
0,118436
0,110716
0,134716
0,131604
0,129024
0,102305
0,110075
0,119732
0,130381
0,125075
0,124455
0,129115
0,128012
0,128538
0,130813
0,127998
0,129581
0,127417
0,129984
0,144262
0,134486
0,117033
0,109097
0,107838
0,10851
0,128419
0,109096
0,11693
0,111307
0,131601
0,127603
0,114795
0,123371
0,113596
0,130312
0,133405
0,138363
0,126345
0,125081
0,135564
0,131562
0,109439
0,128973
0,118763
0,15553
0,125801
0,132739
0,127213
0,146838
0,129561
0,134699
0,132725
0,130661
0,129081
0,118099
0,123452
0,131504
0,135866
0,137402
0,12011
0,129194
0,129072
0,12701
0,135791
0,129079
0,110757
0,136834
0,123243
0,127569
0,131718
0,138576
0,13854
0,119655
0,126208
0,11089
0,107333
0,127107
0,106646
0,142681
0,133955
0,139397
0,135393
0,128253
0,118217
0,127547
0,124621
0,108593
0,117824
0,110146
0,131439
0,11442
0,102003
0,111855
0,120336
0,138397
0,133984
0,132194
0,131498
0,12082
0,124173
0,129428
0,142609
0,125126
0,112455
0,136338
0,128335
0,131014
0,139016
0,130623
0,12669
0,153625
0,112044
0,137448
0,141024
0,133003
0,125183
0,151004
0,12939
0,118842
0,125105
0,119049
0,142857
0,14095
0,115078
0,125565
0,13346
0,106949
0,133711
0,128503
0,131721
0,134086
0,13616
0,120031
0,135845
0,117379
0,105442
0,143148
0,122222
0,116113
0,12433
0,138029
0,11936
0,139465
0,145508
0,143747
0,117577
0,126179
0,144685
0,133896
0,129236
0,12296
0,129938
0,116968
0,119534
0,12633
0,133637
0,114698
0,123347
0,127908
0,107743
0,108191
0,140022
0,133093
0,152231
0,129464
0,141267
0,124795
0,141709
0,136099
0,125518
0,132501
0,135148
0,129167
0,1167
0,110029
0,119041
0,122662
0,133719
0,123573
0,140363
0,149281
0,120619
0,101716
0,125637
0,133285
0,151789
0,124774
0,11766
0,118156
0,133172
0,117996
0,137611
0,117079
0,12214
0,119304
0,129072
0,133807
0,132204
0,127805
0,13571
0,132661
0,116599
0,122231
0,110354
0,119002
0,127101
0,117601
0,118321
0,112306
0,130657
0,130464
0,136998
0,134885
0,137533
0,116563
0,128466
0,12818
0,132292
0,127734
0,119171
0,105714
0,121544
0,136133
0,110244
0,12239
0,110815
0,11255
0,11167
0,115118
0,104673
0,11087
0,110061
0,13147
0,134376
0,123025
0,137734
0,118788
0,1284
0,120684
0,131811
0,120307
0,122448
0,147549
0,118757
0,129334
0,120812
0,142551
0,141598
0,15808
0,159291
0,236692
0,169153
0,154136
0,132957
0,174916
0,139182
0,168775
0,133079
0,177375
0,143787
0,171723
0,208888
0,174113
0,213502
0,14952
0,176184
0,125757
0,220018
0,208117
0,228856
0,174463
0,18289
0,196095
0,154427
0,170044
0,182631
0,144039
0,157955
0,167033
0,139675
0,124848
0,126034
0,145996
0,150831
0,150449
0,142247
0,117981
0,125951
0,133794
0,132801
0,154642
0,133793
0,127911
0,126609
0,114411
0,146602
0,130701
0,134061
0,144543
0,124407
0,130298
0,139298
0,114614
0,116931
0,114584
0,115159
0,12575
0,144571
0,117547
0,138426
0,121253
0,112715
0,141485
0,115455
0,119879
0,13126
0,142277
0,145136
0,118121
0,12595
0,126475
0,146361
0,145288
0,124215
0,129933
0,141626
0,117945
0,169195
0,126647
0,122653
0,221023
0,142696
0,187127
0,19921
0,160057
0,14958
0,222618
0,167434
0,151604
0,183288
0,177874
0,157634
0,243527
0,194364
0,136058
0,116978
0,139186
0,13564
0,133886
0,130543
0,142058
0,131838
0,125863
0,113625
0,137337
0,141951
0,163885
0,258652
0,203431
0,15775
0,139897
0,127105
0,133182
0,150391
0,147575
0,131657
0,13529
0,115625
0,137665
0,134803
0,131503
0,152448
0,146917
0,134819
0,133172
0,130521
0,1234
0,120047
0,113142
0,127313
0,133292
0,12956
0,128002
0,116685
0,124547
0,129888
0,125259
0,140396
0,137565
0,123588
0,137269
0,126374
0,14396
0,184248
0,279315
0,124546
0,151077
0,131544
0,137089
0,122836
0,125269
0,131607
0,137103
0,135496
0,144991
0,116722
0,116684
0,145392
0,144398
0,127973
0,109805
0,126148
0,133489
0,129685
0,133035
0,129039
0,140964
0,108078
0,129909
0,138546
0,155385
0,143729
0,128123
0,128392
0,152907
0,140408
0,173774
0,144745
0,137433
0,120358
0,103024
0,13395
0,143806
0,134314
0,141125
0,150955
0,138812
0,118618
0,136402
0,122639
0,144036
0,12602
0,127642
0,144507
0,131412
0,141998
0,121714
0,142454
0,173624
0,17583
0,185403
0,238814
0,194526
0,165545
0,152478
0,14053
0,12988
0,245671
0,151015
0,129256
0,132715
0,131728
0,117561
0,130302
0,120438
0,151631
0,143376
0,119741
0,113668
0,124806
0,111028
0,127849
0,11836
0,139137
0,149331
0,125836
0,120891
0,181389
0,189721
0,175644
0,608878
0,168807
0,14406
0,119529
0,131718
0,142859
0,135013
0,136596
0,13405
0,128752
0,12301
0,132798
0,12222
0,157299
0,137257
0,149347
0,127464
0,129258
0,1124
0,142047
0,130961
0,144563
0,162674
0,131058
0,140346
0,127449
0,123629
0,124198
0,134188
0,138692
0,126546
0,113234
0,113912
0,132312
0,114157
0,119352
0,125045
0,128206
0,134764
0,125306
0,118585
0,122059
0,133769
0,136579
0,144438
0,138386
0,128465
0,161182
0,135475
0,141723
0,13038
0,117916
0,113775
0,121457
0,133401
0,151268
0,123057
0,143011
0,140722
0,133997
0,136138
0,167957
0,157053
0,147882
0,176998
0,160147
0,217277
0,189374
0,125834
0,133717
0,123648
0,147118
0,136477
0,130591
0,132181
0,128347
0,136921
0,131981
0,145901
0,125244
0,112028
0,146342
0,134386
0,119068
0,11907
0,135296
0,130867
0,12413
0,121525
0,162666
0,133526
0,132349
0,133517
0,1386
0,14341
0,156984
0,119559
0,112514
0,137562
0,132013
0,117814
0,151341
0,137499
0,143425
0,125378
0,134054
0,128108
0,142904
0,131115
0,124504
0,139212
0,130396
0,142948
0,133641
0,131876
0,126443
0,123125
0,136011
0,138888
0,137461
0,127644
0,156842
0,127088
0,121255
0,150965
0,122553
0,154132
0,139319
0,128061
0,14009
0,139764
0,131744
0,170834
0,142541
0,12858
0,120292
0,11087
0,132779
0,130512
0,114786
0,112591
0,127907
0,14234
0,112834
0,138073
0,122859
0,127676
0,136969
0,142391
0,117472
0,125032
0,129249
0,1337
0,127881
0,149875
0,11976
0,145053
0,1432
0,142615
0,12618
0,137052
0,15028
0,148422
0,367096
0,167384
0,133925
0,122891
0,146899
0,138409
0,142361
0,160208
0,159948
0,153802
0,123829
0,124609
0,128739
0,12758
0,136076
0,127497
0,127571
0,151002
0,165288
0,133839
0,131437
0,137794
0,137648
0,137782
0,13401
0,135537
0,147592
0,123973
0,120154
0,135437
0,138396
0,126051
0,111503
0,144588
0,126293
0,135683
0,132899
0,129353
0,123711
0,118978
0,128133
0,127735
0,144154
0,128491
0,140932
0,163774
0,126616
0,112161
0,119787
0,143764
0,14901
0,131991
0,130432
0,131843
0,111563
0,125849
0,124764
0,147448
0,129117
0,135264
0,136518
0,114956
0,125262
0,133345
0,142011
0,129517
0,117724
0,136884
0,133565
0,120203
0,119201
0,125281
0,118006
0,116103
0,153335
0,13215
0,129488
0,141125
0,127937
0,127048
0,117734
0,110239
0,136792
0,16098
0,128039
0,147345
0,125063
0,149543
0,124333
0,117494
0,151685
0,175271
0,167096
0,268586
0,134666
0,120469
0,112292
0,118664
0,111329
0,127421
0,1235
0,119107
0,114268
0,133776
0,11714
0,115308
0,116237
0,111638
0,111563
0,124843
0,124947
0,136152
0,110977
0,13888
0,12841
0,128377
0,125671
0,153481
0,115728
0,109865
0,129036
0,128264
0,129243
0,127985
0,117657
0,129258
0,109491
0,144297
0,121327
0,119209
0,150875
0,17158
0,16497
0,167796
0,151495
0,135932
0,183722
0,119566
0,123913
0,127687
0,147176
0,127922
0,13183
0,135342
0,129691
0,12368
0,145573
0,129343
0,13621
0,125542
0,103877
0,10828
0,106474
0,138199
0,14153
0,152734
0,116475
0,116195
0,169859
0,175245
0,303602
0,150059
0,149345
0,133947
0,120196
0,120719
0,120812
0,13982
0,160926
0,137657
0,136848
0,122941
0,128736
0,133178
0,109564
0,121802
0,132863
0,125949
0,103886
0,129355
0,112537
0,124233
0,128446
0,14229
0,115352
0,118608
0,127614
0,108197
0,116491
0,119949
0,141953
0,13422
0,134371
0,143597
0,12363
0,130211
0,123346
0,136412
0,128603
0,144135
0,126147
0,140315
0,124365
0,13794
0,131334
0,142481
0,129921
0,128698
0,104641
0,114082
0,124663
0,12575
0,13597
0,12443
0,132122
0,113366
0,12052
0,139062
0,122491
0,12443
0,110304
0,111367
0,119493
0,12129
0,130053
0,131374
0,13837
0,148355
0,131635
0,133283
0,135786
0,126421
0,143321
0,138351
0,132497
0,135646
0,11678
0,124543
0,123242
0,125474
0,115808
0,125962
0,130964
0,161607
0,114495
0,116058
0,140476
0,128313
0,13628
0,146469
0,230167
0,146731
0,133651
0,144091
0,230477
0,150923
0,190142
0,124725
0,145313
0,149474
0,124762
0,125326
0,136217
0,137843
0,135854
0,12925
0,134904
0,134203
0,125701
0,127137
0,128751
0,137049
0,149529
0,120873
0,111794
0,106261
0,163623
0,147274
0,130207
0,143137
0,118241
0,136725
0,125683
0,138804
0,117299
0,130143
0,120723
0,137098
0,124619
0,147034
0,137208
0,132543
0,118617
0,11176
0,110707
0,133708
0,155433
0,115633
0,121406
0,114373
0,121111
0,128852
0,135132
0,126024
0,117846
0,141459
0,126089
0,131153
0,120333
0,132211
0,128602
0,172981
0,14714
0,129295
0,134184
0,152294
0,172384
0,236134
0,141922
0,148596
0,136722
0,12293
0,126849
0,127182
0,134794
0,129766
0,15707
0,14357
0,139742
0,129047
0,14325
0,165869
0,137972
0,126474
0,154068
0,118388
0,117467
0,108012
0,1119
0,134625
0,13561
0,13167
0,123505
0,128278
0,13685
0,128454
0,14781
0,135016
0,137048
0,119785
0,130936
0,12536
0,141905
0,128979
0,136653
0,126237
0,127882
0,116381
0,109297
0,12947
0,127719
0,12458
0,17489
0,142938
0,138964
0,138114
0,138266
0,138493
0,158498
0,12696
0,115433
0,133006
0,126792
0,13788
0,121677
0,140406
0,116601
0,126337
0,128142
0,12523
0,12241
0,108017
0,148121
0,152586
0,154392
0,126114
0,148618
0,1407
0,120466
0,131762
0,126825
0,151945
0,141654
0,123751
0,171856
0,135895
0,143602
0,147488
0,116677
0,12845
0,132658
0,117774
0,133209
0,130015
0,134898
0,127791
0,114752
0,140682
0,133286
0,13355
0,127209
0,115602
0,110377
0,129062
0,158271
0,310687
0,152157
0,131503
0,153242
0,123319
0,129976
0,131851
0,119871
0,142174
0,123512
0,154751
0,120749
0,116881
0,137041
0,136363
0,130279
0,129454
0,125329
0,140698
0,121872
0,134632
0,125617
0,127873
0,131533
0,116428
0,113783
0,130732
0,13352
0,132231
0,120755
0,116356
0,11561
0,12416
0,12779
0,139353
0,111486
0,117015
0,115694
0,122237
0,1291
0,126973
0,145257
0,138279
0,133106
0,131723
0,115918
0,117888
0,129385
0,130359
0,137188
0,136849
0,118109
0,120126
0,134644
0,128493
0,127457
0,141714
0,140503
0,127899
0,142258
0,170882
0,10971
0,155903
0,143102
0,13095
0,127508
0,116942
0,13441
0,143348
0,148036
0,135938
0,137049
0,130399
0,134752
0,150579
0,138171
0,13275
0,144623
0,127731
0,143166
0,133803
0,131218
0,121659
0,111694
0,128764
0,137588
0,14171
0,123146
0,143929
0,120538
0,126943
0,166258
0,120858
0,124967
0,132061
0,133702
0,13846
0,131415
0,139638
0,120589
0,123036
0,156299
0,125013
0,11992
0,133064
0,143122
0,115394
0,115213
0,125139
0,139337
0,144058
0,14378
0,132829
0,13004
0,113773
0,110457
0,147892
0,119327
0,15286
0,126455
0,126845
0,142179
0,133902
0,129635
0,13306
0,141974
0,142619
0,117976
0,120604
0,131379
0,137393
0,126126
0,112596
0,107832
0,143427
0,137441
0,138917
0,137064
0,125032
0,127429
0,123026
0,110127
0,131466
0,130692
0,137936
0,141212
0,134864
0,136467
0,127711
0,153323
0,130078
0,138907
0,134293
0,122474
0,132074
0,117908
0,129654
0,140263
0,122372
0,106366
0,112456
0,132076
0,127557
0,11787
0,12773
0,12769
0,128011
0,110577
0,128732
0,135039
0,133316
0,132724
0,115751
0,136583
0,140332
0,136521
0,135593
0,125681
0,12896
0,10377
0,118105
0,12139
0,140991
0,134726
0,123681
0,133717
0,139538
0,130814
0,120433
0,117766
0,139762
0,103122
0,106249
0,112496
0,135496
0,128316
0,122968
0,117954
0,127877
0,116979
0,129331
0,118787
0,12766
0,123017
0,146368
0,122984
0,13929
0,152299
0,141506
0,136613
0,139912
0,11395
0,132224
0,128534
0,13322
0,135775
0,121548
0,110283
0,147918
0,125773
0,121814
0,116995
0,13111
0,120923
0,118634
0,192268
0,156869
0,133836
0,140048
0,139045
0,148184
0,138962
0,14056
0,130556
0,136744
0,135132
0,123825
0,131517
0,134367
0,114968
0,124152
0,132814
0,132835
0,147962
0,135509
0,127405
0,121106
0,141523
0,147685
0,144002
0,112352
0,12778
0,125613
0,124871
0,10752
0,132318
0,113958
0,138772
0,122452
0,117373
0,117221
0,134216
0,117724
0,128554
0,136119
0,121927
0,131802
0,105746
0,106663
0,110226
0,102849
0,138119
0,124472
0,123855
0,118851
0,132761
0,117033
0,113644
0,128998
0,136895
0,119952
0,14164
0,133221
0,119408
0,124582
0,106953
0,125079
0,141253
0,139544
0,146065
0,134971
0,116379
0,136377
0,137005
0,117137
0,121169
0,125761
0,119393
0,129762
0,135735
0,126826
0,125064
0,13105
0,134026
0,142489
0,131212
0,121849
0,137888
0,139314
0,135879
0,129644
0,106746
0,127206
0,138233
0,129047
0,12498
0,128016
0,114666
0,125668
0,140732
0,140457
0,141131
0,131203
0,11571
0,109061
0,106731
0,142435
0,137498
0,141985
0,110223
0,114812
0,110452
0,133852
0,11935
0,12897
0,121545
0,112991
0,128198
0,126503
0,139796
0,141636
0,127615
0,117666
0,131349
0,144567
0,125367
0,12406
0,103255
0,101063
0,132747
0,135692
0,133027
0,120052
0,128154
0,117124
0,108086
0,121033
0,118783
0,1195
0,117077
0,141818
0,127969
0,128299
0,120187
0,132209
0,128128
0,110157
0,122729
0,123608
0,133295
0,121438
0,109483
0,128999
0,137718
0,1267
0,130199
0,113835
0,107362
0,133861
0,1285
0,109345
0,119307
0,119686
0,149268
0,126322
0,140859
0,118646
0,14491
0,116284
0,132493
0,123744
0,125786
0,116864
0,127329
0,103235
0,119512
0,114166
0,127513
0,112532
0,130102
0,126989
0,124282
0,131821
0,129451
0,13353
0,138631
0,115762
0,113888
0,119532
0,108202
0,129589
0,12618
0,125253
0,128679
0,109981
0,107481
0,125744
0,126233
0,122918
0,12429
0,119047
0,111143
0,123405
0,109164
0,109782
0,108966
0,138004
0,112773
0,120538
0,126269
0,123084
0,119066
0,108479
0,122385
0,126891
0,145304
0,128772
0,121955
0,123814
0,110479
0,132399
0,15396
0,114072
0,138902
0,118238
0,119439
0,134451
0,11678
0,1147
0,140102
0,109341
0,105747
0,110223
0,122328
0,125907
0,117014
0,118497
0,114071
0,127495
0,126409
0,127678
0,104451
0,104135
0,125684
0,125288
0,117438
0,129237
0,123526
0,13907
0,120452
0,130438
0,107493
0,105423
0,118639
0,129897
0,122202
0,134585
0,128042
0,130453
0,1371
0,127232
0,11983
0,13679
0,115391
0,128658
0,105018
0,116045
0,109358
0,113237
0,138024
0,118186
0,118296
0,107475
0,147452
0,126009
0,138543
0,115882
0,116266
0,134177
0,120147
0,125923
0,123636
0,118565
0,118907
0,117647
0,117594
0,119831
0,130196
0,126032
0,1212
0,121245
0,136052
0,136264
0,117574
0,123311
0,130914
0,11754
0,124213
0,134468
0,134392
0,111571
0,123218
0,115045
0,129104
0,136399
0,136586
0,146944
0,136285
0,151271
0,131625
0,117663
0,136114
0,139676
0,128782
0,113153
0,104149
0,104428
0,130994
0,107592
0,150523
0,130806
0,109882
0,126306
0,125443
0,142409
0,115541
0,146382
0,125863
0,139395
0,131639
0,117802
0,120047
0,13836
0,128643
0,128243
0,14529
0,13591
0,115559
0,131095
0,118553
0,115614
0,143913
0,137404
0,125513
0,112259
0,125593
0,127307
0,108328
0,13099
0,139399
0,114955
0,106588
0,129248
0,115891
0,129104
0,105482
0,11097
0,138247
0,116465
0,126358
0,131007
0,114621
0,106306
0,108609
0,104133
0,120183
0,129992
0,128438
0,122134
0,102311
0,119216
0,130019
0,127122
0,130631
0,125692
0,113559
0,146131
0,127526
0,14102
0,141379
0,140198
0,13889
0,143551
0,163407
0,118511
0,124716
0,109563
0,129085
0,134025
0,137656
0,151283
0,117406
0,138545
0,118718
0,137081
0,133359
0,118648
0,127748
0,126172
0,119761
0,123062
0,125858
0,127141
0,117069
0,145645
0,128248
0,136028
0,136676
0,115121
0,146728
0,1318
0,130763
0,148585
0,115752
0,134072
0,105362
0,13406
0,140089
0,133456
0,124284
0,107379
0,112368
0,120605
0,119134
0,133225
0,134422
0,129615
0,11542
0,136174
0,132885
0,147664
0,140173
0,13972
0,138103
0,109039
0,139339
0,1515
0,128594
0,129431
0,129755
0,114579
0,119317
0,128696
0,15229
0,122999
0,147135
0,137627
0,155551
5,063682
0,506992
0,131259
0,126642
0,120005
0,141402
0,127972
0,156009
0,222651
0,162053
0,127509
0,112655
0,109358
0,11263
0,112684
0,13712
0,11219
0,133054
0,129107
0,123176
0,141464
0,13079
0,129337
0,121264
0,126081
0,134947
0,112269
0,134691
0,141028
0,13646
0,126944
0,134797
0,142999
0,133146
0,117005
0,140451
0,140868
0,133733
0,132887
0,132732
0,114766
0,13227
0,147857
0,147793
0,123477
0,143818
0,14333
0,120212
0,139761
0,148448
0,135281
0,116812
0,121479
0,110211
0,136079
0,147042
0,13028
0,130974
0,143545
0,127338
0,143608
0,123372
0,128924
0,125004
0,119773
0,122411
0,171721
0,197948
0,184901
0,12909
0,139801
0,133821
0,117685
0,154442
0,11431
0,137884
0,128481
0,1134
0,117545
0,125344
0,126165
0,130227
0,162032
0,131014
0,122773
0,116268
0,10943
0,121829
0,137073
0,120357
0,1231
0,137712
0,113283
0,143659
0,11311
0,135919
0,119057
0,133164
0,142836
0,130721
0,135166
0,177023
0,167319
0,278698
0,150088
0,153359
0,150527
0,122792
0,112343
0,160935
0,127567
0,134
0,148874
0,179944
0,14998
0,138662
0,152593
0,133552
0,144412
0,129477
0,147206
0,137578
0,145943
0,129621
0,122282
0,131883
0,14047
0,1346
0,144369
0,144362
0,144793
0,127945
0,169011
0,260509
0,200517
0,145962
0,138247
0,131332
0,132867
0,142415
0,111363
0,119761
0,125413
0,128746
0,126245
0,140067
0,140979
0,138653
0,140439
0,129203
0,142193
0,165975
0,118484
0,138425
0,143511
0,134125
0,132619
0,131801
0,140135
0,112523
0,131438
0,127714
0,135781
0,137499
0,126752
0,127841
0,131164
0,13092
0,128238
0,138524
0,125115
0,127846
0,140246
0,138199
0,135898
0,148161
0,125592
0,133394
0,128332
0,130578
0,137867
0,147193
0,128459
0,129133
0,125034
0,115822
0,114994
0,126431
0,117365
0,119889
0,132871
0,15069
0,144565
0,117441
0,121472
0,127602
0,131957
0,116722
0,113637
0,140448
0,117189
0,115966
0,133572
0,147977
0,145203
0,128802
0,145152
0,142078
0,141731
0,14257
0,139542
0,141875
0,150055
0,135858
0,128438
0,137762
0,134585
0,134547
0,131273
0,139658
0,137801
0,122368
0,135594
0,230714
0,221341
0,186201
0,389133
0,336548
0,14888
0,134412
0,149588
0,157274
0,126561
0,119009
0,126277
0,123998
0,139071
0,148118
0,12668
0,144469
0,111338
0,109353
0,136006
0,126712
0,124911
0,132133
0,134492
0,133322
0,123018
0,110082
0,116616
0,139914
0,131929
0,132303
0,118886
0,125434
0,142075
0,118719
0,139844
0,154107
0,13337
0,134889
0,135278
0,147941
0,138658
0,129761
0,107658
0,140533
0,137721
0,117728
0,116781
0,118891
0,121634
0,129765
0,111177
0,135278
0,144875
0,14744
0,12704
0,126151
0,111044
0,135096
0,125363
0,172053
0,124877
0,138681
0,12729
0,134592
0,144056
0,126611
0,119135
0,134526
0,125034
0,138692
0,136787
0,132184
0,129877
0,11258
0,120106
0,118268
0,11785
0,139949
0,145765
0,141369
0,130217
0,130563
0,126396
0,10872
0,161401
0,128479
0,113898
0,121997
0,111979
0,120454
0,115911
0,138888
0,264167
0,182435
0,121504
0,13878
0,131815
0,122996
0,145023
0,139697
0,14336
0,13651
0,131084
0,12988
0,15288
0,144576
0,130742
0,129472
0,136105
0,170606
0,179726
0,14085
0,146924
0,146462
0,136031
0,147427
0,131115
0,131064
0,158339
0,130723
0,132799
0,12233
0,131326
0,114076
0,128016
0,127337
0,123605
0,133897
0,130142
0,139038
0,150383
0,14947
0,147262
0,128041
0,123231
0,133526
0,123221
0,11021
0,130986
0,132152
0,126238
0,1297
0,145152
