4,337664
0,460098
0,287368
0,418786
0,385113
0,370934
0,345557
0,360118
0,389809
0,237181
0,235885
0,231897
0,320168
0,311506
0,291131
0,277570
0,334831
0,270286
0,244168
0,298570
0,246956
0,222955
0,211028
0,261599
0,278492
0,227398
0,260690
0,268386
0,317906
0,515946
0,270867
0,292693
0,301941
0,397673
0,258448
0,340466
0,281345
0,288656
0,360568
0,287358
0,233768
0,316200
0,252202
0,240371
0,291626
0,248732
0,258927
0,271014
0,229874
0,189695
0,240630
0,304842
0,289458
0,226422
0,220466
0,221150
0,269040
0,230924
0,241181
0,246856
0,294210
0,308940
0,301469
0,451329
0,611399
0,255924
0,271918
0,215827
0,276848
0,260972
0,207754
0,258371
0,255569
0,342104
0,327428
0,288577
0,322337
0,249710
0,283214
0,287223
0,306216
0,276593
0,321962
0,288712
0,348163
0,284591
0,394460
0,270485
0,268064
0,244663
0,340686
0,318257
0,320442
0,367676
0,372342
0,307708
0,302188
0,232444
0,246580
0,298892
0,251512
0,307521
0,246016
0,214670
0,285517
0,589969
0,365953
0,263972
0,237108
0,378901
0,248584
0,296366
0,240557
0,258603
0,281234
0,247333
0,220542
0,272857
0,270623
0,292018
0,552827
0,301690
0,268404
0,322665
0,315594
0,406167
0,244539
0,240196
0,285661
0,224685
0,203047
0,274408
0,274428
0,333057
0,327314
0,417165
0,379748
0,291955
0,182080
0,349214
0,305200
0,317408
0,289907
0,292199
0,357690
0,395404
0,229952
0,305614
0,286479
0,238872
0,264583
0,276265
0,266245
0,218105
0,203911
0,288206
0,253934
0,210242
0,210505
0,165180
0,276450
0,299041
0,314559
0,284492
0,219903
0,287029
0,251463
0,208163
0,214721
0,502003
0,270698
0,207271
0,232539
0,249938
0,236017
0,262293
0,264443
0,274313
0,375698
0,275922
0,249935
0,257234
0,205237
0,255060
0,224428
0,216946
0,228045 
0,254377
0,207066
0,257392
0,222604
0,188768
0,234219
0,259328
0,201890
0,224535
0,429659
0,423988
0,229114
0,228441
0,227813
0,222244
0,203247
0,261237
0,201382
0,223876
0,275876
0,198533
0,245924
0,265363
0,196538
0,230126
0,260037
0,322972
0,450802
0,230045
0,263730
0,321790
0,251219
0,324717
0,219907
0,251419
0,225879
0,270878
0,340881
0,250073
0,240495
0,355755
0,321968
0,506992
0,293750
0,229632
0,378173
0,229337
0,285198
0,282287
0,280954
0,300394
0,230427
0,262122
0,303116
0,244526
0,261914
0,290876
0,352125
0,399719
0,540118
0,334235
0,231722
0,281079
0,332250
0,281820
0,308002
0,417874
0,357192
0,303830
0,251022
0,256272
0,367457
0,383627
0,371495
0,383135
0,367664
0,394517
0,343674
0,234999
0,244112
0,315542
0,281562
0,300533
0,323036
0,245654
0,276657
0,411645
0,230083
0,240389
0,269575
0,227979
0,208751
0,240155
0,243327
0,280820
0,250679
0,216070
0,308465
0,222332
0,257808
0,231000
0,280219
0,288757
0,215103
0,206383
0,274283
0,249345
0,230877
0,196597
0,267211
0,219796
0,201797
0,200537
0,277467
0,288419
0,295555
0,650531
0,326162
0,242646
0,267757
0,354400
0,330500
0,206534
0,231465
0,310206
0,278197
0,335125
0,247391
0,330003
0,542280
0,366008
0,206015
0,233176
0,243760
0,335536
0,259970
0,233084
0,201389
0,256251
0,196287
0,198968
0,349984
0,220382
0,217371
0,199994
0,193005
0,235220
0,224078
0,261414
0,317548
0,262746
0,229034
0,264328
0,227692
0,218565
0,212548
0,204770
0,228419
0,202268
0,229570
0,232329
0,216815
0,201334
0,242451
0,183393
0,258853
0,211719
0,213013
0,233612
0,221785
0,275830
0,271171
0,225465
0,244778
0,255838
0,195338
0,294021
0,293033
0,262798
0,209808
0,253511
0,210413
0,247825
0,274814
0,222774
0,259792
0,230185
0,241438
0,212576
0,214490
0,223181
0,229295
0,223024
0,242112
0,230686
0,207998
0,230628
0,241169
0,253985
0,221006
0,623543
0,490712
0,223790
0,229169
0,205927
0,202158
0,186059
0,249301
0,194546
0,271959
0,241999
0,263788
0,202089
0,209629
0,220720
0,231507
0,209771
0,188645
0,196018
0,225939
0,204389
0,228776
0,217218
0,233112
0,206630
0,202920
0,212429
0,198373
0,202588
0,265915
0,189108
0,261544
0,200027
0,199847
0,194072
0,194671
0,211479
0,201480
0,214551
0,247971
0,240162
0,204409
0,173517
0,226196
0,269935
0,256482
0,218455
0,204738
0,196863
0,183959
0,196752
0,269812
0,208637
0,207732
0,204857
0,214378
0,230793
0,229775
0,202100
0,212383
0,187243
0,186388
0,222329
0,202588
0,211155
0,216223
0,220104
0,227721
0,228715
0,206726
0,185336
0,224395
0,233081
0,240089
0,239000
0,191846
0,201473
0,168116
0,211309
0,195136
0,231972
0,232048
0,220685
0,222455
0,271762
0,325882
0,374995
0,269389
0,250528
0,250925
0,215806
0,339665
0,371389
0,253344
0,220935
0,241228
0,293287
0,285007
0,308475
0,209108
0,224192
0,311036
0,306852
0,337203
0,200034
0,267942
0,214648
0,270075
0,217817
0,286981
0,291944
0,220122
0,205299
0,197626
0,335527
0,243935
0,321860
0,290819
0,241733
0,311165
0,279332
0,290817
0,203495
0,255076
0,384993
0,214981
0,216423
0,268551
0,226947
0,265791
0,322944
0,273129
0,222103
0,292523
0,305287
0,250899
0,193154
0,308247
0,240227
0,220547
0,593581
0,241127
0,243436
0,251184
0,234693
0,185955
0,284214
0,313462
0,228495
0,230604
0,308484
0,257715
0,278148
0,271519
0,198026
0,180288
0,246090
0,242341
0,241542
0,259168
0,262111
0,202434
0,249198
0,319211
0,300722
0,280013
0,247916
0,229504
0,263422
0,214421
0,230389
0,211058
0,265070
0,190706
0,231436
0,268657
0,188877
0,261937
0,267905
0,240025
0,205507
0,204106
0,240009
0,198520
0,191316
0,291929
0,265871
0,235004
0,238040
0,249294
0,232633
0,212609
0,214909
0,245540
0,218801
0,218935
0,230478
0,233321
0,288787
0,202531
0,167984
0,269090
0,232801
0,183911
0,289510
0,286286
0,200391
0,252329
0,237805
0,208275
0,213182
0,288384
0,248599
0,278030
0,263040
0,267440
0,241564
0,243728
0,194148
0,262710
0,535808
0,252713
0,262960
0,211839
0,261085
0,235831
0,218617
0,231253
0,260069
0,262493
0,235927
0,282675
0,189605
0,335127
0,282120
0,202624
0,331056
0,219776
0,220766
0,272284
0,233365
0,234411
0,221576
0,221801
0,242550
0,225127
0,344031
0,225137
0,200355
0,242859
0,205344
0,246637
0,305640
0,255469
0,230080
0,305103
0,290307
0,204373
0,245920
0,251848
0,215498
0,266667
0,262566
0,235673
0,214726
0,253138
0,200026
0,210851
0,236096
0,184912
0,245024
0,204337
0,233487
0,235475
0,234567
0,256701
0,235411
0,299814
0,196680
0,249465
0,241683
0,252616
0,224811
0,268245
0,295308
0,251997
0,291267
0,307409
0,247776
0,246241
0,363191
0,261677
0,233489
0,227603
0,261188
0,205268
0,232226
0,323411
0,217501
0,236171
0,247120
0,225480
0,265434
0,223280
0,242273
0,240297
0,269989
0,289777
0,219989
0,231371
0,223293
0,179537
0,217653
0,238126
0,274305
0,213271
0,215222
0,300302
0,264164
0,213595
0,238022
0,287844
0,219988
0,222837
0,231302
0,267303
0,261501
0,195037
0,195168
0,243954
0,198160
0,208896
0,199071
0,194950
0,187655
0,207747
0,226313
0,192335
0,206447
0,222288
0,195513
0,202175
0,182913
0,207278
0,204677
0,205217
0,211699
0,234626
0,186817
0,223143
0,188001
0,187632
0,192024
0,180140
0,207562
0,256201
0,207197
0,219095
0,205560
0,256653
0,201423
0,189430
0,179589
0,259414
0,240326
0,194696
0,176804
0,217806
0,227659
0,214414
0,215401
0,191372
0,343825
0,246594
0,293857
0,301736
0,215238
0,180487
0,213830
0,378459
0,257504
0,329673
0,275228
0,332770
0,305641
0,215772
0,196790
0,277795
0,297368
0,312679
0,255738
0,265007
0,325433
0,242395
0,297571
0,283447
0,294800
0,299218
0,273945
0,362049
0,276642
0,366333
0,311843
0,257046
0,355926
0,340197
0,288484
0,337143
0,314674
0,322481
0,283581
0,332824
0,791828
0,289783
0,263358
0,293353
0,342214
0,360566
0,299574
0,305289
0,263369
0,381540
0,471593
0,663122
0,445419
1,454918
0,565562
0,260022
0,299432
0,232914
0,442611
0,912260
0,347364
0,343455
0,437205
0,259534
0,418032
0,221566
0,218807
0,229673
0,232121
0,314963
0,250663
0,227581
0,233279
0,243336
0,273233
0,218474
0,213900
0,205808
0,211524
0,290196
0,203431
0,213030
0,230772
0,229341
0,402451
0,294101
0,248713
0,230864
0,223033
0,975728
0,232865
0,192579
0,207105
0,187422
0,198200
0,211191
0,194338
0,179350
0,176315
0,208741
0,240996
0,231735
0,217690
0,189931
0,223335
0,217267
0,260653
0,341108
0,315557
0,200735
0,219590
0,236422
0,201579
0,218138
0,199176
0,210707
0,219939
0,196962
0,188651
0,178869
0,178995
0,224354
0,201449
0,198941
0,215157
0,231769
0,219226
0,197254
0,246319
0,173702
0,221213
0,232013
0,203751
0,326706
0,201545
0,211731
0,221942
0,200381
0,203028
0,246888
0,223164
0,227826
0,200151
0,164078
0,186193
0,206468
0,186551
0,252761
0,451975
0,246084
0,225141
0,218720
0,213776
0,242045
0,204796
0,215681
0,262967
0,221239
0,200336
0,206211
0,205819
0,254389
0,241037
0,209745
0,211025
0,461350
0,198053
0,201782
0,203501
0,220221
0,202440
0,227797
0,211318
0,251201
0,176615
0,186993
0,200571
0,237764
0,225102
0,211813
0,184934
0,226147
0,281257
0,243543
0,227040
0,214540
0,200641
0,204857
0,211294
0,217874
0,190174
0,253045
0,247843
0,224269
0,175282
0,181513
0,211897
0,175791
0,256130
0,308359
0,543004
0,252279
0,209253
0,190155
0,213832
0,205362
0,256407
0,221125
0,404570
0,233128
0,212880
0,340687
0,213064
0,217171
0,207911
0,218688
0,220856
0,349154
0,422572
0,291166
0,202257
0,226634
0,189769
0,208133
0,212319
0,180781
0,198197
0,235394
0,164177
0,184672
0,195209
0,181777
0,233143
0,176183
0,174412
0,225184
0,244118
0,224225
0,227397
0,285048
0,294905
0,426422
0,245101
0,307046
0,249102
0,211078
0,205692
0,198641
0,304999
0,245179
0,375356
0,182786
0,305529
0,205944
0,194055
0,229211
0,198266
0,444752
0,356975
0,339187
0,301264
0,240148
0,214116
0,205876
0,212963
0,211292
0,207585
0,194016
0,222278
0,189182
0,178454
0,207126
0,206699
0,222711
0,554056
0,212921
0,193388
0,199889
0,216306
0,223806
0,182800
0,206703
0,178488
0,225148
0,224992
0,199706
0,186850
0,234028
0,186622
0,186384
0,157609
0,222243
0,181427
0,191775
0,188248
0,198931
0,191647
0,179536
0,223071
0,185579
0,218636
0,186741
0,267802
0,213248
0,194957
0,195042
0,258169
0,222973
0,237980
0,232585
0,226438
0,294933
0,327986
0,378664
0,283884
0,235894
0,287716
0,239740
0,205806
0,224377
0,215533
0,191597
0,221254
0,185373
0,271943
0,198101
0,180671
0,218992
0,194190
0,192547
0,214662
0,198744
0,185294
0,245307
0,203614
0,292898
0,183333
0,222117
0,205085
0,195955
0,223828
0,248785
0,231808
0,202127
0,211165
0,174939
0,235858
0,193943
0,179097
0,214901
0,218538
0,186321
0,203861
0,182153
0,235603
0,215509
0,200171
0,182179
0,205176
0,202675
0,239517
0,178010
0,189938
0,183392
0,201827
0,183552
0,332087
0,673005
0,279935
0,224993
0,250863
0,198730
0,186571
0,198512
0,181945
0,234769
0,209943
0,194237
0,216306
0,219424
0,188743
0,187993
0,191951
0,202252
0,214359
0,210738
0,195731
0,186011
0,241307
0,220640
0,244540
0,200388
0,178418
0,208343
0,206356
0,230298
0,194452
0,192758
0,238713
0,203839
0,196430
0,201078
0,211340
0,236074
0,227689
0,187728
0,226468
0,225877
0,258899
0,205125
0,220909
0,220386
0,203748
0,198552
0,195088
0,181178
0,207978
0,198897
0,207724
0,221745
0,215631
0,256132
0,217182
0,212856
0,267716
0,305526
0,244460
0,167814
0,185677
0,225029
0,192367
0,217853
0,237439
0,232120
0,283980
0,214188
0,218804
0,308469
0,226294
0,211754
0,173362
0,198930
0,214297
0,172334
0,180823
0,184881
0,238141
0,203534
0,187432
0,204004
0,213486
0,183092
0,209749
0,192991
0,212090
0,184344
0,208382
0,201627
0,194611
0,167629
0,195630
0,196884
0,191138
0,268780
0,222821
0,205422
0,262023
0,251451
0,211320
0,243306
0,166520
0,181647
0,171958
0,217183
0,211125
0,207541
0,230011
0,246667
0,255815
0,215464
0,210614
0,204461
0,200474
0,275717
0,215320
0,207435
0,244833
0,210695
0,201557
0,238273
0,225456
0,187917
0,207569
0,215053
0,222739
0,245747
0,213742
0,199600
0,225657
0,243426
0,217868
0,252257
0,213979
0,219750
0,253068
0,185811
0,208802
0,207014
0,205956
0,222237
0,205778
0,211947
0,195448
0,216173
0,218807
0,184526
0,228270
0,215858
0,213958
0,433013
0,299685
0,190414
0,221197
0,234823
0,203226
0,240291
0,213774
0,194780
0,201762
0,179205
0,227786
0,183643
0,250309
0,226026
0,202675
0,143624
0,217642
0,175944
0,214938
0,226366
0,211942
0,214848
0,232537
0,192331
0,220626
0,236438
0,206874
0,208962
0,246511
0,273360
0,228802
0,229330
0,208751
0,195756
0,222377
0,201311
0,197624
0,218567
0,231302
0,179174
0,209768
0,204471
0,198565
0,253117
0,182822
0,188819
0,198654
0,211810
0,194436
0,198349
0,211208
0,213011
0,235560
0,223012
0,203858
0,195049
0,195898
0,212274
0,187670
0,261343
0,215307
0,214520
0,249675
0,209071
0,208133
0,212146
0,197032
0,204071
0,210442
0,181380
0,202216
0,210639
0,263953
0,243555
0,212206
0,245325
0,185068
0,266304
0,242180
0,196378
0,187476
0,204100
0,193690
0,238194
0,262073
0,215408
0,197991
0,232915
0,225614
0,235060
0,192049
0,215876
0,252475
0,228698
0,192609
0,201789
0,187839
0,222671
0,185671
0,233346
0,205810
0,230602
0,258147
0,240438
0,269180
0,191757
0,202952
0,193583
0,236009
0,223463
0,216785
0,193601
0,235577
0,202402
0,202280
0,188005
0,188299
0,253898
0,199390
0,219553
0,262737
0,194031
0,208568
0,244277
0,247009
0,270779
0,195551
0,235133
0,224475
0,183380
0,204065
0,177173
0,189603
0,221147
0,193297
0,265327
0,169952
0,214048
0,209776
0,201209
0,257352
0,219743
0,237310
0,257111
0,190106
0,225885
0,246163
0,224924
0,221060
0,194902
0,230236
0,243550
0,181016
0,220186
0,221972
0,214786
0,192603
0,247604
0,206749
0,247928
0,201195
0,242172
0,220241
0,222766
0,237550
0,198651
0,204573
0,227988
0,234673
0,179685
0,221453
0,234389
0,223544
0,240655
0,246221
0,245836
0,246980
0,235411
0,234137
0,232429
0,257404
0,190899
0,231080
0,222862
0,262035
0,161157
0,215865
0,226966
0,219957
0,252910
0,201250
0,165892
0,196668
0,221934
0,209780
0,201741
0,202819
0,218458
0,283294
0,209120
0,235261
0,211494
0,239202
0,201760
0,190136
0,228492
0,203974
0,248705
0,203926
0,228546
0,207945
0,194407
0,240224
0,204342
0,217464
0,218994
0,201006
0,172663
0,207899
0,210688
0,227126
0,217822
0,227303
0,178163
0,266845
0,216041
0,200787
0,193728
0,231859
0,211900
0,198767
0,180099
0,208245
0,294520
0,202496
0,207320
0,188169
0,192663
0,198974
0,219333
0,185638
0,213063
0,217111
0,221269
0,219412
0,245710
0,166530
0,264452
0,180600
0,202333
0,214715
0,222990
0,178527
0,203948
0,230505
0,221143
0,311678
0,281834
0,317255
0,211132
0,240801
0,214511
0,286103
0,182861
0,319139
0,383279
0,231536
0,200314
0,263259
0,197451
0,201791
0,205422
0,210304
0,185886
0,184333
0,265628
0,205922
0,211958
0,293003
0,215867
0,217031
0,216289
0,196846
0,224931
0,277719
0,297726
0,261480
0,339812
0,204569
0,249224
0,266554
0,213942
0,302608
0,229764
0,325548
0,315028
0,274774
0,224853
0,226632
0,282778
0,249360
0,271471
0,255199
0,221719
0,262418
0,252013
0,281877
0,218144
0,245480
0,268255
0,216607
0,231878
0,206898
0,308156
0,208492
0,189411
0,190430
0,225259
0,312639
0,246818
0,253245
0,219430
0,247039
0,220931
0,373748
0,259001
0,229513
0,268937
0,386246
0,266811
0,269238
0,281946
0,263673
0,271630
0,224522
0,226813
0,344183
0,250687
0,236659
0,204667
0,196867
0,262552
0,280963
0,905766
0,395175
0,239170
0,404534
0,286672
0,282592
0,239379
0,232194
0,278398
0,245926
0,242089
0,238976
0,211534
0,275441
0,234572
1,381822
0,311350
0,222270
0,308620
0,203193
0,196384
0,191494
0,187481
0,188760
0,272457
0,201899
0,206898
0,201861
0,185301
0,276916
0,258345
0,206876
0,218135
0,193252
0,201461
0,239509
0,208072
0,235001
0,289019
0,274238
0,321006
0,247626
0,316428
0,249022
0,241432
0,265016
0,309787
0,304522
0,437745
0,235060
0,221694
0,236154
0,978938
0,370910
0,198776
0,226074
0,242209
0,235179
0,187821
0,209244
0,206809
0,205246
0,194065
0,198386
0,208178
0,173094
0,231039
0,394201
0,243592
0,227487
0,197897
0,222585
0,183407
0,251002
0,191718
0,183169
0,227275
0,213038
0,229612
0,236108
0,215214
0,244408
0,257823
0,237540
0,217250
0,240103
0,182434
0,236639
0,213425
0,206847
0,272920
0,207004
0,236451
0,218009
0,228182
0,349099
0,235545
0,317162
0,234602
0,278073
0,258988
0,242884
0,225344
0,217417
0,247776
0,205284
0,256660
0,265127
0,184726
0,208822
0,265374
0,260225
0,206233
0,193444
0,233424
0,231423
0,188468
0,238844
0,196558
0,263704
0,212862
0,223016
0,214672
0,216692
0,254573
0,235692
0,244056
0,178457
0,210949
0,257919
0,274316
0,261794
0,222303
0,192428
0,258788
0,192828
0,236600
0,210772
0,213816
0,232154
0,233951
0,241444
0,202507
0,193706
0,215532
0,209544
0,240529
0,281114
0,256764
0,245500
0,296346
0,237989
0,238083
0,233591
0,264643
0,269370
0,260329
0,212248
0,196400
0,240708
0,212974
0,199605
0,295350
0,236718
0,182452
0,196103
0,230372
0,262746
0,202151
0,209608
0,235676
0,217388
0,288157
0,224953
0,237980
0,221395
0,269165
0,249902
0,240510
0,191115
0,252895
0,204469
0,208646
0,223923
0,252320
0,197902
0,206922
0,255593
0,207371
0,234919
0,177623
0,233529
0,230679
0,240610
0,263406
0,216112
0,183256
0,203543
0,232861
0,331253
0,280742
0,394898
0,279913
0,219830
0,232102
0,251385
0,282964
0,262636
0,214535
0,263880
0,304959
0,275337
0,268333
0,277657
0,214514
0,256372
0,239160
0,171510
0,239956
0,257607
0,205288
0,252575
0,253555
0,215964
0,196860
0,380217
0,455426
0,533679
0,226166
0,194293
0,233153
0,194720
0,197393
0,230969
0,238725
0,213941
0,194263
0,202725
0,212652
0,210420
0,234294
0,209090
0,219307
0,235996
0,223533
0,233627
0,227273
0,242296
0,218647
0,259443
0,190087
0,242131
0,290674
0,227858
0,233917
0,258932
0,239947
0,228689
0,198544
0,170786
0,187441
0,196971
0,206315
0,186540
0,250177
0,189766
0,192534
0,180182
0,238036
0,211734
0,199026
0,296310
0,190150
0,191044
0,186978
0,233558
0,285581
0,201217
0,213410
0,269543
0,239116
0,243873
0,280276
0,259204
0,187287
0,227242
0,216023
0,242031
0,330828
0,254856
0,324740
0,284542
0,240398
0,239089
0,271134
0,250823
0,246285
0,276917
0,256464
0,224580
0,213701
0,281508
0,287503
0,217646
0,199244
0,222836
0,201612
0,198199
0,220392
0,195912
0,221130
0,241494
0,207434
0,230904
0,203067
0,254416
0,194537
0,259513
0,216861
0,206542
0,227243
0,222233
0,250036
0,224289
0,253506
0,165550
0,228191
0,186170
0,198793
0,285175
0,233581
0,293713
0,254876
0,236046
0,190901
0,212245
0,217999
0,222868
0,194390
0,226496
0,192143
0,287793
0,321276
0,256650
0,317246
0,218072
0,227482
0,191526
0,192034
0,229020
0,222746
0,247237
0,219226
0,225063
0,239480
0,240474
0,235658
0,268594
0,249261
0,228308
0,284452
0,214603
0,227478
0,191918
0,210776
0,213463
0,236035
0,247724
0,224648
0,202160
0,192875
0,160425
0,234041
0,194908
0,247249
0,178428
0,195716
0,271278
0,179166
0,235876
0,252480
0,191353
0,198831
0,216035
0,261810
0,207548
0,203315
0,209942
0,236942
0,200486
0,256565
0,232296
0,196297
0,210482
0,320941
0,347633
0,228246
0,227964
0,231504
0,349686
0,252245
0,237037
0,227897
0,245521
0,249815
0,192463
0,253167
0,254308
0,219695
0,183480
0,225525
0,265768
0,256968
0,219376
0,229973
0,583795
0,716464
0,241260
0,278484
0,211911
0,222572
0,216235
0,215948
0,217558
0,204454
0,191406
0,220132
0,183327
0,218171
0,225374
0,216109
0,230575
0,206330
0,169883
0,216689
0,229858
0,217368
0,196999
0,189242
0,254428
0,281964
0,247112
0,217571
0,234576
0,223263
0,216090
0,202104
0,235135
0,212722
0,241634
0,190213
0,240656
0,213392
0,281287
0,206609
0,190720
0,212945
0,280258
0,196039
0,212018
0,242970
0,262029
0,209235
0,201987
0,187387
0,210381
0,217298
0,216704
0,225896
0,196245
0,270224
0,196030
0,192700
0,184437
0,223944
0,261172
0,218481
0,182029
0,175513
0,184576
0,177067
0,196296
0,176796
0,226836
0,239705
0,220287
0,241590
0,238142
0,212579
0,216373
0,238727
0,213478
0,266239
0,223611
0,214902
0,170899
0,264474
0,205840
0,200078
0,229786
0,232512
0,211779
0,167276
0,202578
0,192110
0,211659
0,246668
0,177315
0,241477
0,302034
0,215174
0,231414
0,233669
0,211978
0,216424
0,241543
0,206957
0,240187
0,202245
0,260177
0,264034
0,244464
0,213712
0,237088
0,210448
0,211783
0,182655
0,205008
0,199588
0,224105
0,193174
0,264076
0,200540
0,221721
0,212545
0,205441
0,183668
0,194792
0,204133
0,196290
0,196829
0,201640
0,247168
0,218819
0,178259
0,255126
0,234246
0,230209
0,178327
0,175515
0,191434
0,209580
0,217507
0,202236
0,224169
0,185506
0,206394
0,252431
0,255741
0,208318
0,199202
0,221865
0,196153
0,200481
0,199701
0,203276
0,188979
0,232887
0,277153
0,202522
0,205466
0,206689
0,213336
0,187730
0,182163
0,242218
0,171146
0,172504
0,163923
0,221109
0,212052
0,236754
0,225585
0,217335
0,222333
0,216641
0,266097
0,245554
0,195049
0,233277
0,206768
0,214004
0,206129
0,210084
0,218720
0,231367
0,191707
0,206246
0,223450
0,225405
0,259029
0,220271
0,237384
0,211216
0,184980
0,217144
0,227444
0,216815
0,191654
0,182848
0,190929
0,228253
0,234678
0,214736
0,206421
0,231254
0,218576
0,256128
0,204599
0,263966
0,261480
0,190485
0,219525
0,223499
0,213715
0,207457
0,163023
0,193981
0,207183
0,177707
0,179911
0,182209
0,194522
0,191486
0,223264
0,186273
0,202091
0,187558
0,268992
0,217631
0,196207
0,267510
0,275753
0,194737
0,190120
0,184109
0,193682
0,226574
0,183758
0,267915
0,223448
0,186525
0,266097
0,261389
0,224739
0,269567
0,236221
0,204315
0,186861
0,221014
0,183257
0,255312
0,209454
0,204233
0,280461
0,253009
0,159852
0,237086
0,161061
0,180729
0,193174
0,235053
0,186219
0,201733
0,184861
0,244428
0,243594
0,270470
0,221453
0,247823
0,216908
0,171167
0,258769
0,185871
0,202580
0,220069
0,231200
0,202472
0,202849
0,204781
0,193650
0,175878
0,216081
0,200196
0,199917
0,203859
0,211137
0,226613
0,175491
0,223570
0,228158
0,228095
0,187747
0,219603
0,190723
0,207190
0,197748
0,185945
0,180894
0,198861
0,219986
0,176137
0,212967
0,211946
0,209035
0,222389
0,203816
0,212636
0,225091
0,241734
0,250028
0,212513
0,221447
0,221088
0,226792
0,204729
0,196547
0,214697
0,248855
0,180595
0,208684
0,254759
0,233619
0,228239
0,234617
0,201149
0,177309
0,199497
0,241443
0,186779
0,194702
0,209019
0,196008
0,168773
0,224128
0,199680
0,244024
0,253807
0,228712
0,264601
0,228883
0,193149
0,185135
0,202654
0,226230
0,445471
0,288880
0,247285
0,388953
0,224245
0,250606
0,203228
0,202352
0,211824
0,223514
0,198845
0,207817
0,224592
0,244496
0,196383
0,277467
0,281652
0,299035
0,270194
0,247497
0,217769
0,215502
0,221583
0,226835
0,239127
0,245860
0,210719
0,205133
0,334796
0,202306
0,245034
0,274876
0,256019
0,222454
0,262489
0,244071
0,316274
0,272933
0,298713
0,286566
0,340895
0,242759
0,236252
0,279695
0,248378
0,242325
0,269400
0,278190
0,236315
0,218162
0,383000
0,299892
0,351946
0,237999
0,250352
0,309501
0,261266
0,213600
0,304843
0,301856
0,288946
0,302756
0,288093
0,298254
0,266335
0,276817
0,302126
0,225598
0,243769
0,241292
0,225084
0,228818
0,197051
0,240402
0,235508
0,196377
0,203806
0,258663
0,322926
0,475265
0,253027
0,298132
0,942942
0,526645
0,232821
0,315702
0,261174
0,285003
0,325635
0,386024
0,520646
0,291307
0,257716
0,300270
0,362968
0,364592
0,243728
0,308769
0,283169
0,220854
0,426383
0,346559
0,225846
0,187123
0,216264
0,232921
0,228828
0,203759
0,266966
0,219359
0,215322
0,301585
0,215655
0,310574
0,238066
0,249526
0,216496
0,367429
0,274121
0,268680
0,323237
0,218063
0,268644
0,333617
0,265369
0,341200
0,203554
0,266788
0,274268
0,202922
0,226686
0,221652
0,245688
0,213290
0,382315
0,346950
0,335727
0,502253
0,287161
0,295272
0,279227
0,221910
0,212791
0,227744
0,218664
0,196687
0,206089
0,210168
0,218794
0,317743
0,228763
0,270875
0,363259
0,283603
0,404755
0,290373
0,322499
0,301428
0,367662
0,213830
0,281867
0,282573
0,257669
0,231858
0,226442
0,327657
0,178730
0,321368
0,372106
0,399908
0,259061
0,256398
0,251260
0,254804
0,262609
0,250675
0,233352
0,248713
0,241965
0,290392
0,229126
0,215660
0,252908
0,221182
0,278367
0,252328
0,222930
0,231872
0,217887
0,369357
0,340524
0,261197
0,271153
0,310844
0,244733
0,279151
0,240765
0,256768
0,246083
0,262091
0,325781
0,296371
0,297958
0,269444
0,217239
0,229456
0,238129
0,231906
0,228208
0,222419
0,239039
0,206725
0,339010
0,290066
0,292426
0,356134
0,314450
0,405964
0,536771
0,220264
0,239123
0,306691
0,329679
0,224801
0,288773
0,231318
0,176375
0,242485
0,285067
0,274886
0,306079
0,256532
0,275504
0,186515
0,213937
0,222266
0,213704
0,244514
0,275591
0,252692
0,271687
0,224115
0,352641
0,239343
0,216276
0,373965
0,233183
0,279905
0,403718
0,282052
0,299012
0,340291
0,264300
0,248869
0,274952
0,224271
0,244139
0,204655
0,202664
0,241154
0,219048
0,243364
0,246610
0,232520
0,191484
0,212427
0,238241
0,243776
0,234708
0,229231
0,244569
0,231699
0,235591
0,273823
0,185422
0,287054
0,230471
0,207895
0,222137
0,216285
0,197526
0,255521
0,250794
0,316178
0,199024
0,284530
0,292429
0,313149
0,222677
0,209829
0,204271
0,207801
0,210547
0,238937
0,219001
0,250583
0,213761
0,519559
0,256961
0,202489
0,181377
0,228297
0,217264
0,335615
0,220601
0,254045
0,261033
0,193110
0,187992
0,427763
0,249225
0,299303
0,303333
0,392924
0,360944
0,305812
0,264249
0,339905
0,186569
1,670442
0,598045
0,312668
0,291990
0,271373
0,304630
0,242432
0,273036
0,233178
0,205033
0,217572
0,234805
0,211291
0,213721
0,208605
0,221640
0,239252
0,238084
0,237113
0,555031
0,289911
0,257772
0,249570
0,217921
0,257529
0,280202
0,286495
0,303636
0,241536
0,208035
0,202996
0,251727
0,244793
0,238999
0,179644
0,221602
0,257196
0,211573
0,226117
0,256253
0,196180
0,229873
0,231257
0,265978
0,308482
0,281732
0,265131
0,407926
0,297020
0,486041
0,515711
0,246049
0,217470
0,211755
0,200041
0,256249
0,230950
0,222327
0,219436
0,250846
0,256522
0,228789
0,240047
0,299890
0,226404
0,218245
0,266667
0,202374
0,219408
0,241721
0,252350
0,319480
0,235451
0,220132
0,188618
0,198288
0,246928
0,203307
0,227307
0,227060
0,210406
0,248262
0,251526
0,172875
0,253345
0,204035
0,213508
0,242783
0,272340
0,211709
0,301103
0,243134
0,269165
0,295417
0,208813
0,198909
0,228038
0,259120
0,238505
0,417455
0,334444
0,314181
0,202135
0,227868
0,264973
0,331709
0,256351
0,275382
0,271534
0,294902
0,311645
0,375944
0,315712
0,230699
0,239605
0,227127
0,220142
0,241593
0,323356
0,202724
0,187266
0,247166
0,394173
0,235729
0,399186
0,257094
0,296812
0,208474
0,206030
0,240253
0,284759
0,191268
0,256419
0,271686
0,227853
0,192815
0,203586
0,234827
0,245868
0,190534
0,256574
0,242644
0,256244
0,237055
0,191671
0,213866
0,219739
0,235308
0,237455
0,245333
0,230865
0,294938
0,284446
0,228969
0,283452
0,225221
0,269957
0,219050
0,243785
0,188555
0,250626
0,189662
0,204909
0,204911
0,245888
0,231626
0,218132
0,208376
0,302459
0,302326
0,251299
0,185435
0,247591
0,267204
0,215243
0,187045
0,229778
0,204467
0,259588
0,206409
0,243847
0,187054
0,204179
0,269320
0,260773
0,264695
0,266095
0,217375
0,200322
0,185504
0,203934
0,228106
0,212866
0,191282
0,230467
0,188116
0,265522
0,237220
0,189238
0,181860
0,255899
0,222375
0,273747
0,210790
0,261480
0,278712
0,218754
0,239246
0,313485
0,241798
0,218836
0,240821
0,192881
0,195253
0,226251
0,242463
0,237990
0,200144
0,203103
0,206348
0,233140
0,274413
0,233085
0,237546
0,196034
0,213274
0,232422
0,281475
0,214184
0,211201
0,232784
0,259244
0,227253
0,273585
0,227025
0,307910
0,193574
0,191497
0,249753
0,239699
0,268196
0,212554
0,219766
0,229858
0,227293
0,244123
0,299137
0,235290
0,204985
0,280753
0,198334
0,197652
0,279820
0,319874
0,211901
0,199862
0,234257
0,244602
0,243532
0,265447
0,230589
0,227923
0,197291
0,194396
0,226165
0,272684
0,317238
0,225243
0,219365
0,227595
0,230155
0,199638
0,235022
0,237011
0,194848
0,270600
0,304195
0,215421
0,202768
0,292457
0,211212
0,205918
0,191958
0,237811
0,213018
0,277331
0,205054
0,228538
0,252494
0,215852
0,579317
0,841542
0,856263
0,365896
0,600767
0,261426
0,354044
0,223054
0,298702
0,261555
0,253173
0,206880
0,232165
0,295820
0,302736
0,361123
0,212117
0,222940
0,412139
0,492087
0,255387
0,251185
0,265660
0,300554
0,221719
0,277334
0,268200
0,213367
0,297488
0,333428
0,270596
0,268121
0,304668
0,217854
0,345374
0,287101
0,354067
0,250578
0,306327
0,243034
0,235147
0,259281
0,297960
0,205565
0,205171
0,226589
0,240060
0,247167
0,216515
0,208235
0,216455
0,245016
0,231163
0,220988
0,260058
0,194838
0,219422
0,189026
0,208231
0,224627
0,266345
0,249823
0,228074
0,229117
0,184748
0,279335
0,268981
0,248117
0,163892
0,220551
0,286419
0,180144
0,226655
0,239233
0,248403
0,248076
0,217900
0,222045
0,270510
0,250117
0,251259
0,224436
0,195643
0,200191
0,218215
0,256281
0,213594
0,238075
0,273625
0,313569
0,273259
0,259310
0,250310
0,266603
0,265439
0,247529
0,232859
0,281736
0,254753
0,204688
0,219995
0,212017
0,217744
0,210002
0,270510
0,245173
0,230187
0,243384
0,237290
0,244565
0,267603
0,228724
0,216641
0,227756
0,231733
0,194295
0,240415
0,242543
0,205088
0,231042
0,257860
0,308233
0,250973
0,239114
0,274920
0,216875
0,243175
0,245536
0,260251
0,202190
0,266524
0,253226
0,225464
0,185454
0,261419
0,223055
0,242288
0,281090
0,343783
0,206146
0,209830
0,233020
0,202705
0,185942
0,206820
0,217983
0,198539
0,205720
0,186258
0,194154
0,191441
0,213554
0,214323
0,188196
0,225728
0,183903
0,167727
0,225410
0,207637
0,187258
0,192908
0,194900
0,203349
0,179262
0,201038
0,189168
0,179510
0,191772
0,205717
0,266617
0,263229
0,229430
0,274046
0,237815
0,246147
0,235601
0,352701
0,221860
0,205219
0,285729
0,257882
0,242571
0,285120
0,300076
0,212385
0,258353
0,297779
0,234098
0,185601
0,238205
0,248536
0,190076
0,233565
0,241661
0,200262
0,228189
0,209107
0,274290
0,270823
0,283160
0,277500
0,238454
0,268691
0,284601
0,205512
0,277474
0,210489
0,273961
0,243255
0,242466
0,210221
0,266080
0,247756
0,272761
0,227123
0,208516
0,197900
0,198032
0,226818
0,223921
0,210289
0,184968
0,274066
0,331203
0,239092
0,237579
0,304786
0,281563
0,244874
0,246284
0,277008
0,546953
0,278819
0,250930
0,228695
0,212024
0,253083
0,243804
0,264545
0,332998
0,290607
0,209982
0,246596
0,191510
0,204751
0,243470
0,221702
0,234384
0,208869
0,197150
0,211379
0,190616
0,203980
0,159102
0,193171
0,201484
0,211587
0,214052
0,208384
0,204316
0,194398
0,203535
0,175678
0,248159
0,187989
0,248047
0,198895
0,201995
0,207473
0,198312
0,275263
0,184482
0,205744
0,229888
0,223738
0,256754
0,236651
0,302484
0,316806
0,300235
0,204136
0,190620
0,218152
0,205485
0,186766
0,208137
0,220292
0,248599
0,211433
0,250138
1,697951
0,351621
0,388419
0,228800
0,220448
0,208960
0,256480
0,238071
0,266193
0,228678
0,234760
0,195327
0,244325
0,196085
0,214246
0,203641
0,197992
0,190574
0,226739
0,188343
0,203839
0,183002
0,181245
0,289882
0,258686
0,229754
0,209889
0,218317
0,261083
0,255626
0,193214
0,201658
0,196622
0,202892
0,209161
0,215734
0,220348
0,209107
0,226345
0,231348
0,276207
0,275172
0,205168
0,312500
0,251400
0,342902
0,324293
0,282430
0,388936
0,353401
0,374250
0,207214
0,214061
0,235496
0,338874
0,285654
0,274056
0,247571
0,224546
0,252192
0,222384
0,263636
0,366596
0,248972
0,232351
0,219577
0,307018
0,252847
0,245252
0,252877
0,249094
0,311299
0,207910
0,224647
0,224012
0,269291
0,220566
0,228485
0,207786
0,219179
0,349932
0,315282
0,258596
0,267325
0,256914
0,285104
0,213548
0,340697
0,222535
0,287965
0,312745
0,202495
0,259949
0,216110
0,379124
0,265808
0,268129
0,226148
0,251199
0,243885
0,203638
0,190550
0,274624
0,260229
0,274420
0,223785
0,384351
0,241856
0,290960
0,346483
0,377743
0,283872
0,442945
0,346383
0,304049
0,233603
0,223789
0,221865
0,271446
0,268335
0,607040
0,385524
0,339454
0,324076
0,275432
0,289990
0,280701
0,299739
0,250543
0,238769
0,334020
0,273911
0,316837
0,222017
0,254361
0,209353
0,197706
0,324088
0,229171
0,315646
0,244435
0,269206
0,220687
0,350339
0,337183
0,274062
0,307642
0,229450
0,348812
0,351767
0,480837
0,217765
0,212153
0,204010
0,193606
0,214321
0,216243
0,192910
0,209280
0,204716
0,194497
0,187233
0,204786
0,217997
0,216946
0,193278
0,268450
0,260909
0,378412
0,233459
0,220041
0,214026
0,190982
0,208768
0,221265
0,243662
0,193405
0,184257
0,219260
0,230407
0,206289
0,249278
0,213205
0,187252
0,218432
0,262775
0,219546
0,222326
0,211334
0,599117
0,238233
0,193273
0,204152
0,467894
0,277961
0,251137
0,207203
0,242075
0,244169
0,249812
0,489653
0,338588
0,208598
0,231516
0,250731
0,316463
0,226548
0,228991
0,201551
0,205165
0,214459
0,230387
0,225562
0,271381
0,190949
0,221794
0,208001
0,177519
0,204334
0,284313
0,204910
0,246265
0,260654
0,188635
0,195369
0,231185
0,205219
0,190677
0,183176
0,180216
0,213594
0,222374
0,229829
0,239050
0,357958
0,228508
0,207627
0,198291
0,260011
0,190420
0,246398
0,470450
0,344879
0,272161
0,317143
0,280386
0,292582
0,464132
0,286058
0,393160
0,336567
0,233233
0,275594
0,229440
0,369382
0,252284
0,221866
0,227247
0,235262
0,235587
0,253701
0,183716
0,194865
0,228514
0,187702
0,173632
0,250878
0,214928
0,263959
0,253398
0,238033
0,191753
0,216191
0,277785
0,194788
0,209085
0,223499
0,198636
0,189074
0,238661
0,246094
0,248541
0,212185
0,388140
0,293630
0,245140
0,260366
0,264405
0,253090
0,209621
0,274439
0,228837
0,294146
0,256023
0,378443
0,227812
0,360225
0,327246
0,818261
0,779555
0,432823
0,340668
0,325455
0,229881
0,305332
0,232343
0,229236
0,253863
0,281556
0,332600
0,241421
0,251228
0,233114
0,230926
0,347706
0,301433
0,221835
0,232716
0,203485
0,191926
0,183191
0,184841
0,176492
0,207529
0,283436
0,215586
0,190494
0,290613
0,186711
0,215711
0,205590
0,196019
0,195765
0,201597
0,207656
0,204790
0,211147
0,208123
0,207769
0,188494
0,193875
0,188679
0,183158
0,188066
0,214657
0,168683
0,225214
0,233830
0,200760
0,233606
0,226886
0,166461
0,236882
0,225547
0,188037
0,194887
0,230491
0,192492
0,217796
0,197452
0,239052
0,250373
0,226919
0,201828
0,230329
0,207508
0,226632
0,262937
0,228046
0,221191
0,197461
0,251923
0,224308
0,223404
0,254878
0,187249
0,188205
0,204431
0,226730
0,181188
0,198210
0,198274
0,230639
0,215362
0,175276
0,184322
0,214262
0,160033
0,174149
0,167703
0,188158
0,218046
0,189439
0,203526
0,219919
0,234077
0,233780
0,200663
0,207980
0,189919
0,246199
0,176239
0,222863
0,218406
0,203224
0,170132
0,232306
0,178747
0,188695
0,138008
0,211187
0,214493
0,169941
0,208266
0,218479
0,220906
0,184923
0,197828
0,165679
0,180682
0,239607
0,184496
0,206023
0,199349
0,276265
0,207585
0,212948
0,200128
0,212010
0,191662
0,201408
0,164872
0,213026
0,199814
0,203656
0,206456
0,216400
0,210549
0,243660
0,213273
0,203649
0,184047
0,177558
0,180707
0,200730
0,195898
0,197458
0,176883
0,205061
0,236397
0,173876
0,204467
0,227397
0,173050
0,227494
0,215201
0,198231
0,210673
0,210023
0,219661
0,221284
0,196967
0,164576
0,270173
0,213817
0,203314
0,233676
0,201901
0,188636
0,219183
0,195249
0,189591
0,218433
0,198431
0,250116
0,194992
0,184990
0,203495
0,207427
0,198834
0,209984
0,193864
0,207312
0,199612
0,192107
0,216329
0,256632
0,161633
0,189842
0,200671
0,198470
0,177661
0,178227
0,202375
0,198290
0,179298
0,185032
0,206612
0,288566
0,207518
0,176949
0,235929
0,203356
0,246793
0,192299
0,181567
0,219780
0,194801
0,181764
0,267506
0,241232
0,219159
0,200351
0,214929
0,222155
0,188591
0,265515
0,200150
0,229762
0,184678
0,307694
0,198303
0,206387
0,232034
0,189002
0,214070
0,225978
0,267268
0,248921
0,282404
0,390762
0,315451
0,388231
0,241397
0,206851
0,194613
0,199634
0,245197
0,232084
0,190770
0,193029
0,186923
0,197763
0,174481
0,190122
0,204769
0,185708
0,193974
0,195585
0,247887
0,197389
0,216545
0,199336
0,236861
0,194605
0,193076
0,203769
0,212343
0,251482
0,216857
0,193406
0,195061
0,238035
0,202358
0,226152
0,191628
0,222845
0,197140
0,218512
0,180281
0,193761
0,173791
0,214523
0,193867
0,212163
0,205682
0,209843
0,230018
0,194901
0,226238
0,194008
0,215721
0,241630
0,450488
0,309089
0,266644
0,209041
0,259895
0,248218
0,241258
0,265724
0,245609
0,212235
0,189710
0,223423
0,221724
0,202437
0,246418
0,203974
0,230046
0,229777
0,199163
0,231784
0,231791
0,195481
0,225666
0,189112
0,229907
0,205163
0,240949
0,173347
0,170128
0,243076
0,193641
0,226875
0,238768
0,214555
0,185301
0,206764
0,248271
0,164037
0,173667
0,218646
0,231243
0,165823
0,238785
0,170307
0,214388
0,194155
0,250123
0,204092
1,419936
0,193444
0,220289
0,216428
0,225386
0,287654
0,189220
0,175852
0,197106
0,272221
0,268675
0,196990
0,253854
0,220597
0,225387
0,218306
0,288944
0,400585
0,247288
0,205146
0,219790
0,199611
0,210846
0,214617
0,226678
0,263092
0,212255
0,230929
0,191379
0,214793
0,298671
0,230588
0,226673
0,233628
0,174688
0,176571
0,185848
0,231133
0,246161
0,247191
0,232775
0,211796
0,242755
0,224036
0,204754
0,216966
0,225419
0,220833
0,179517
0,226462
0,262423
0,168938
0,197529
0,208662
0,178374
0,176630
0,214368
0,195322
0,183428
0,202877
0,201698
0,231005
0,225766
0,209684
0,244891
0,203083
0,213419
0,239158
0,209991
0,187786
0,442696
0,346634
0,249684
0,247115
0,231475
0,254783
0,219154
0,235226
0,193868
0,291066
0,244487
0,198294
0,192902
0,205771
0,188126
0,244665
0,231591
0,230344
0,205940
0,253588
0,240693
0,234534
0,203515
0,220962
0,195544
0,335366
0,220506
0,195919
0,246999
0,215403
0,228268
0,236215
0,198418
0,232496
0,214949
0,244958
0,267020
0,198840
0,232590
0,183496
0,202829
0,217438
0,265410
0,202340
0,211819
0,408999
0,237732
0,262237
0,244047
0,277182
0,378004
0,301237
0,363921
0,303135
0,265843
0,211282
0,236855
0,216065
0,213285
0,238261
0,221251
0,254869
0,435657
0,205729
0,238888
0,346008
0,264795
0,239284
0,218853
0,348313
0,248191
0,230094
0,192351
0,222362
0,251201
0,194262
0,274102
0,273757
0,329763
0,343130
0,235880
0,251081
0,300899
0,212195
0,239059
0,244242
0,192595
0,183809
0,229269
0,350590
0,264201
0,302404
0,413443
0,333291
0,502279
0,284623
0,308242
0,477235
0,322793
0,229813
0,259233
0,258957
0,236618
0,258567
0,248710
0,292882
0,308591
0,210777
0,212925
0,220734
0,221944
0,243791
0,241906
0,205789
0,226144
0,205680
0,225091
0,178317
0,250493
0,225366
0,240353
0,199761
0,213570
0,211995
0,200951
0,218652
0,199093
0,214618
0,198836
0,171986
0,173000
0,234591
0,218190
0,177945
0,256536
0,257277
0,167126
0,174433
0,222735
0,238731
0,266992
0,219703
0,205406
0,211889
0,232152
0,216541
0,177796
0,264706
0,225161
0,234122
0,207627
0,247533
0,336993
0,208957
0,200831
0,242214
0,260940
0,227160
0,249059
0,204078
0,258026
0,221132
0,253085
0,235697
0,198437
0,190137
0,201426
0,218824
0,204643
0,215696
0,228963
0,279015
0,188770
0,221621
0,214018
0,227080
0,222060
0,217067
0,202167
0,250815
0,221085
0,233710
0,212516
0,230141
0,232580
0,158929
0,237413
0,339560
0,196234
0,179435
0,246555
0,217536
0,228170
0,185963
0,216120
0,200808
0,202730
0,182507
0,209808
0,199233
0,230491
0,178277
0,208578
0,226256
0,210607
0,193079
0,213128
0,256486
0,307662
0,258157
0,206040
0,230560
0,292005
0,184585
0,240797
0,283008
0,217584
0,231032
0,206223
0,281823
0,221297
0,213931
0,207271
0,230253
0,248612
0,203861
0,175586
0,195100
0,245653
0,196366
0,223816
0,267568
0,325334
0,198074
0,226224
0,290019
0,246306
0,232049
0,248645
0,218148
0,218968
0,192530
0,254739
0,222598
0,260471
0,250850
0,210431
0,238078
0,250802
0,250755
0,240882
0,217835
0,214316
0,232575
0,209141
0,219892
0,228290
0,205202
0,236265
0,180316
0,192625
0,718082
0,418114
0,335885
0,264976
0,381209
0,489919
0,280328
0,319527
0,245817
0,237074
0,209108
0,230619
0,264574
0,321544
0,217302
0,209414
0,242843
0,241483
0,221736
0,334067
0,239601
0,316623
0,274970
0,244979
0,243526
0,238472
0,210084
0,220447
0,349660
0,294593
0,285863
0,263510
0,242520
0,185191
0,221469
0,254123
0,282791
0,289211
0,273704
0,223997
0,245784
0,253396
0,220190
0,251802
0,217071
0,247466
0,251212
0,236458
0,190605
0,182722
0,267139
0,197305
0,202808
0,225935
0,232953
0,251973
0,192817
0,178080
0,227777
0,246189
0,230312
0,256544
0,206787
0,256218
0,264769
0,174367
0,239211
0,267170
0,296227
0,200460
0,206956
0,213376
0,205453
0,220621
0,221732
0,202931
0,245800
0,252355
0,231565
0,208439
0,205090
0,214706
0,223185
0,237141
0,227643
0,232167
0,253388
0,331374
0,349537
0,270413
0,215391
0,298395
0,211923
0,212199
0,235443
0,193396
0,222532
0,172300
0,218619
0,243116
0,208255
0,281290
0,199468
0,267580
0,234161
0,221797
0,230912
0,332926
0,232939
0,242317
0,192274
0,180232
0,231159
0,235931
0,212518
0,361792
0,270328
0,288113
0,296676
0,315669
0,243320
0,398634
0,208540
0,226649
0,229167
0,367445
0,236096
0,236116
0,205763
0,226193
0,213297
0,245206
0,241189
0,262359
0,301230
0,244095
0,273515
0,278506
0,212929
0,236114
0,195039
0,167852
0,203005
0,173608
0,192977
0,240492
0,240999
0,236573
0,203793
0,209728
0,200843
0,242213
0,186168
0,238116
0,202304
0,210195
0,204641
0,187063
0,345903
0,231730
0,474549
0,311546
0,359016
0,251586
0,279465
0,253144
0,271678
0,236114
0,283580
0,234250
0,286604
0,329648
0,262338
0,228595
0,230689
0,227272
0,267858
0,219924
0,231865
0,271953
0,225513
0,199326
0,175485
0,205679
0,191913
0,325961
0,236143
0,213437
0,190462
0,195741
0,201770
0,218831
0,248581
0,186277
0,211707
0,179049
0,226093
0,220620
0,272292
0,256121
0,270350
0,226858
0,196028
0,197087
0,241923
0,203648
0,187130
0,220755
0,169184
0,207010
0,233799
0,243857
0,201840
0,203153
0,202995
0,225239
0,219404
0,250501
0,222091
0,231051
0,232528
0,191044
0,269252
0,200013
0,212675
0,204386
0,218782
0,222472
0,227128
0,223410
0,230230
0,195964
0,181178
0,211620
0,252773
0,176933
0,249575
0,217011
0,222628
0,166860
0,201629
0,206903
0,181962
0,225155
0,203642
0,175165
0,188373
0,205001
0,187757
0,213334
0,235351
0,233780
0,184632
0,205947
0,187710
0,172548
0,220396
0,262538
0,223900
0,221206
0,193058
0,223345
0,221545
0,196077
0,211544
0,188499
0,231389
0,207195
0,268949
0,242983
0,178651
0,230650
0,204068
0,243252
0,210187
0,145180
0,199337
0,181962
0,199587
0,203951
0,178904
0,224136
0,181994
0,178809
0,228985
0,194903
0,174524
0,248265
0,193056
0,213518
0,187072
0,203421
0,165145
0,252119
0,209954
0,197640
0,189893
0,200797
0,206065
0,214063
0,189250
0,193241
0,229703
0,244871
0,197999
0,188344
0,199150
0,216483
0,193883
0,221628
0,197755
0,207214
0,211698
0,224818
0,245297
0,235053
0,249411
0,251907
0,193080
0,187058
0,211326
0,198568
0,212894
0,203448
0,204659
0,179910
0,246660
0,164722
0,206753
0,202499
0,195628
0,187958
0,211806
0,209745
0,232475
0,219272
0,165882
0,220019
0,242242
0,208134
0,184148
0,228770
0,220085
0,215319
0,206383
0,152039
0,199178
0,224941
0,245243
0,230157
0,186990
0,200043
0,192516
0,627044
0,957498
0,265592
0,262542
0,219685
0,253978
0,173384
0,184768
0,261833
0,206320
0,253520
0,222760
0,204984
0,187618
0,208888
0,166055
0,213958
0,200282
0,257251
0,189958
0,205678
0,188025
0,222574
0,210782
0,163073
0,199467
0,181305
0,165551
0,212645
0,162964
0,205418
0,230793
0,181273
0,219769
0,221676
0,206569
0,203806
0,183487
0,228269
0,221609
0,289881
0,301157
0,237887
0,263689
0,267331
0,251215
0,243785
0,210620
0,203687
0,244319
0,213309
0,208108
0,196719
0,249363
0,190456
0,222365
0,198802
0,239286
0,231545
0,250363
0,197783
0,195303
0,178556
0,240304
0,192331
0,199195
0,203587
0,198974
0,242131
0,212277
0,216102
0,203923
0,210112
0,196725
0,193425
0,201513
0,188708
0,230296
0,176530
0,219837
0,248704
0,229601
0,202791
0,222657
0,219425
0,216584
0,210516
0,194172
0,224805
0,203248
0,214591
0,219237
0,207631
0,215620
0,181616
0,214257
0,205206
0,203160
0,217261
0,191513
0,194048
0,204069
0,178064
0,216937
0,182105
0,241733
0,197307
0,202144
0,218165
0,171483
0,205776
0,179604
0,191458
0,205044
0,222259
0,224718
0,180063
0,254688
0,196041
0,329003
0,213724
0,220033
0,197233
0,225708
0,202697
0,225229
0,195533
0,166738
0,219050
0,225961
0,185837
0,273796
0,189483
0,189899
0,196987
0,215532
0,187521
0,207675
0,177023
0,191802
0,249885
0,209509
0,178082
0,196182
0,221171
0,234739
0,187291
0,249928
0,200504
0,212991
0,245113
0,260900
0,375117
0,195557
0,279451
0,218867
0,230425
0,219962
0,329167
0,209651
0,169489
0,278229
0,305995
0,217998
0,202792
0,213432
0,217099
0,211958
0,197964
0,195551
0,235917
0,220689
0,213122
0,189032
0,187063
0,220379
0,232033
0,245746
0,223764
0,241338
0,196336
0,222045
0,193192
0,218598
0,240905
0,213093
0,234523
0,207445
0,211224
0,228308
0,188518
0,208653
0,211613
0,204466
0,252473
0,262124
0,272879
0,194747
0,225835
0,205357
0,193396
0,286953
0,404127
0,258847
0,317242
0,240591
0,223011
0,231490
0,236727
0,203875
0,239919
0,253745
0,197444
0,230472
0,211221
0,258206
0,294524
0,184919
0,213326
0,197179
0,199831
0,200563
0,199649
0,197164
0,182686
0,191077
0,180017
0,187854
0,234059
0,192530
0,223997
0,189445
0,220371
0,199427
0,203091
0,223448
0,240064
0,190731
0,189343
0,190963
0,203207
0,234439
0,181956
0,190481
0,186324
0,179588
0,178516
0,206199
0,216441
0,198938
0,207705
0,214875
0,183347
0,204377
0,243471
0,189502
0,214095
0,219898
0,204474
0,180476
0,205324
0,273797
0,202817
0,202529
0,223168
0,193750
0,292566
0,236056
0,264051
0,211670
0,225432
0,258472
0,178403
0,249967
0,178332
0,188198
0,249138
0,213882
0,217922
0,220037
0,188296
0,267229
0,248509
0,312201
0,203759
0,203072
0,248104
0,214841
0,351122
0,193676
0,178877
0,267779
0,231091
0,220344
0,170949
0,181171
0,235974
0,219280
0,248305
0,261428
0,256664
0,261740
0,261636
0,217649
0,260921
0,221253
0,189655
0,213870
0,252956
0,230942
0,199587
0,189723
0,200596
0,204973
0,248190
0,260229
0,210354
0,317922
0,222863
0,183822
0,205285
0,196610
0,211938
0,248735
0,211082
0,189476
0,186568
0,225496
0,254741
0,359011
0,244599
0,194378
0,272594
0,254047
0,195666
0,200261
0,238080
0,198443
0,195965
0,197253
0,212195
0,255422
0,233329
0,197279
0,196196
0,230165
0,276846
0,188239
0,236981
0,365826
0,388530
1,522883
0,342597
0,253448
0,241064
0,256300
0,193928
0,164522
0,240056
0,230606
0,209259
0,293726
0,260179
0,296004
0,243546
0,324852
0,214631
0,212505
0,226162
0,182320
0,225842
0,220587
0,211263
0,187474
0,226431
0,299836
0,204615
0,250123
0,268650
0,205178
0,331463
0,235198
0,220375
0,225700
0,205937
0,196874
0,228889
0,234439
0,194488
0,212972
0,221833
0,204948
0,239110
0,217170
0,227600
0,203621
0,233688
0,193994
0,210725
0,242701
0,210131
0,242127
0,343844
0,293190
0,210708
0,215213
0,213955
0,238695
0,213697