1,277985
0,878852
0,683744
0,552544
0,537503
0,49213
0,660304
0,934831
0,664044
0,690512
0,629114
0,597625
0,756569
0,726434
0,629581
0,646695
0,594742
0,588519
0,793255
1,146644
0,81218
0,875049
0,869247
0,621652
0,719418
1,003849
0,733246
0,577785
0,518308
0,57131
0,49646
0,528362
0,756162
0,840374
0,655278
0,624195
0,651538
0,742254
0,766018
0,669316
0,646858
0,7623
0,614347
0,581217
0,752607
0,811451
1,007359
0,650407
0,585697
0,586475
0,574365
0,508634
0,534055
0,613973
0,605902
0,904989
0,683638
0,54761
0,546624
0,535965
0,558581
0,487695
0,75782
0,569002
0,548383
0,58075
0,543054
0,479176
0,4612
0,466009
0,867163
0,774365
0,500451
0,549248
0,483311
0,483127
0,47072
0,564269
0,806364
0,614179
0,603532
0,484729
0,524973
0,477805
0,522078
0,597914
0,513363
0,553582
0,503953
0,539976
0,521385
0,505164
0,438082
0,594997
0,576158
0,627652
0,715984
0,529732
0,551796
0,637573
0,683262
0,510945
0,486021
0,577367
0,539679
0,516608
0,592535
0,57469
0,548813
0,450468
0,446665
0,529787
0,53899
0,492742
0,511131
0,48959
0,660485
0,577599
0,524311
0,486706
0,57492
0,501778
0,626259
0,481912
0,629897
1,040946
0,573128
0,546719
0,482123
0,504324
0,485224
0,519542
0,454609
0,702802
0,647165
0,508935
0,474363
0,561238
0,554593
0,523025
0,484523
0,483505
0,509953
0,456972
0,434992
0,476706
0,419005
0,468314
0,461826
0,479804
0,448378
0,43507
0,483155
0,474677
0,469
0,486892
0,629394
0,54004
0,484612
0,482188
0,509549
0,46679
0,494655
0,475178
0,533711
0,456191
0,476363
0,464706
0,465651
0,489811
0,443749
0,461458
0,461422
0,463944
0,486579
0,466731
0,434119
0,42905
0,440061
0,436687
0,482058
0,481967
0,415946
0,473251
0,488755
0,453588
0,477032
0,443605
0,485054
0,481223
0,479041
0,427934
0,465246
0,507343
0,440831
0,474508
0,416499
0,432693
0,429708
0,460625
0,45269
0,516341
0,51504
0,486357
0,483681
0,504149
0,446309
0,464859
0,45689
0,453055
0,461324
0,470696
0,464782
0,463886
0,455487
0,485703
0,48237
0,447723
0,468156
0,463593
0,427209
0,492848
0,459815
0,495644
0,44758
0,455905
0,446941
0,462211
0,445979
0,440223
0,442207
0,524011
0,447029
0,476015
0,441782
0,471448
0,465314
0,632542
0,517939
0,43548
0,496826
0,455359
0,463979
0,471095
0,449889
0,456135
0,462171
0,454417
0,462457
0,472836
0,442024
0,454837
0,466325
0,465277
0,4898
0,449432
0,473908
0,456104
0,454565
0,469938
0,473371
0,439705
0,434645
0,468953
0,478756
0,5322
0,513568
0,478463
0,460356
0,467169
0,451135
0,463929
0,465336
0,442015
0,476163
0,442485
0,474235
0,447727
0,441509
0,45905
0,520542
0,466992
0,457653
0,45012
0,492708
0,462208
0,460684
0,44816
0,449034
0,483491
0,456043
0,479936
0,459988
0,4647
0,460242
0,47537
0,49331
0,427466
0,453812
0,479286
0,457777
0,482667
0,464763
0,481589
0,437769
0,497129
0,473399
0,481608
0,474736
0,469337
0,482403
0,458226
0,450667
0,446081
0,476271
0,466415
0,478213
0,455066
0,427221
0,497662
0,483716
0,433099
0,459608
0,441666
0,491416
0,479269
0,677286
0,465914
0,470752
0,433295
0,479065
0,478455
0,459728
0,452406
0,429365
0,465902
0,463389
0,478307
0,493512
0,439466
0,467472
0,485749
0,440851
0,463401
0,481958
0,439085
0,427249
0,45237
0,45725
0,529782
0,45746
0,448189
0,43247
0,457064
0,45442
0,455734
0,470684
0,460052
0,476492
0,445209
0,45636
0,47037
0,429793
0,457483
0,476159
0,456398
0,453818
0,445581
0,490247
0,468476
0,420929
0,499442
0,481104
0,460228
0,46009
0,450724
0,55083
0,435582
0,448216
0,465364
0,451324
0,45212
0,467844
0,464986
0,438842
0,429759
0,460337
0,480449
0,474918
0,451094
0,475331
0,465322
0,506733
0,493819
0,455566
0,450707
0,47776
0,439122
0,539926
0,564142
0,510176
0,553716
0,501719
0,512845
0,516505
0,531747
0,512349
0,495126
0,494409
0,464537
0,510305
0,467727
0,469461
0,49249
0,457288
0,496562
0,741286
0,609651
0,525662
0,531771
0,464776
0,475645
0,434144
0,479771
0,722544
0,526595
0,488559
0,537519
0,467616
0,447257
0,537839
0,455518
0,480866
0,599713
0,650621
0,482166
0,450002
0,483057
0,52793
0,634502
0,65206
0,510716
0,458793
0,463343
0,441506
0,492503
0,453446
0,477988
0,462232
0,697365
0,512715
0,47474
0,46882
0,49076
0,499384
0,455949
0,500564
0,459778
0,516536
0,512751
0,478062
0,533095
0,591739
0,532278
0,476324
1,170918
0,629548
0,511847
0,513905
0,468787
0,49299
0,485418
0,484562
0,50059
0,494762
0,570805
0,45626
0,465611
0,49832
0,500465
0,468691
0,481128
0,49588
0,473785
0,545794
0,493954
0,640798
0,551936
0,525925
0,509197
0,747748
0,540721
0,496908
0,544423
0,539703
0,559012
0,526901
0,47867
0,481062
0,513365
0,521133
0,49569
0,487219
0,580255
0,531146
0,471675
0,492431
0,491342
0,522299
0,492921
0,487657
0,467155
0,440605
0,449291
0,542546
0,731336
0,480355
0,502733
0,504822
0,49996
0,446326
0,439482
0,458233
0,468287
0,463324
0,491632
0,463343
0,468517
0,611369
0,630501
0,558894
0,583845
0,454899
0,513103
0,489254
0,52474
0,56567
0,466192
0,537083
0,734218
0,468538
0,490405
0,498433
0,509531
0,465047
0,46462
0,447935
0,46947
0,488735
0,456172
0,4564
0,484806
0,492448
0,505376
0,515546
0,515312
0,462308
0,472837
0,492753
0,513347
0,462582
0,57784
0,483927
0,715545
0,624483
0,484894
0,49354
0,485526
0,499959
0,495794
0,463533
0,477767
0,501498
0,497527
0,461192
0,538169
0,519797
0,558329
0,479722
0,700422
0,686325
0,540559
0,510924
0,496467
0,523416
0,521173
0,474684
0,462246
0,481838
0,496293
0,466866
0,496442
0,570154
0,673829
0,520774
0,45545
0,474072
0,533162
0,521321
0,694423
0,679603
0,528644
0,559216
0,599594
0,478577
0,468513
0,489482
0,494117
0,464463
0,479733
0,473802
0,449555
0,536214
0,46975
0,518267
0,498669
0,507281
0,46796
0,481153
0,49637
0,489883
0,523873
0,44848
0,464258
0,568815
0,796525
0,547748
0,482175
0,464441
0,515304
0,500459
0,491787
0,490124
0,52074
0,442111
0,502677
0,480619
0,495134
0,52071
0,539099
0,530707
0,52095
0,511895
0,501381
0,507976
0,585072
0,758011
0,59345
0,464577
0,447304
0,462952
0,485358
0,472011
0,488182
0,469354
0,453723
0,440631
0,434651
0,456988
0,518589
0,469322
0,429267
0,454035
0,463493
0,43934
0,448576
0,460302
0,454975
0,447733
0,464278
0,451139
0,486674
0,436868
0,470532
0,449761
0,473936
0,478373
0,480991
0,464151
0,494087
0,442914
0,425948
0,475985
0,517204
0,446174
0,493809
0,474398
0,473209
0,519732
0,456608
0,456066
0,471757
0,433861
0,454124
0,501652
0,460371
0,450883
0,461046
0,441301
0,469314
0,473568
0,45765
0,439802
0,448691
0,468182
0,460397
0,459992
0,470585
0,443138
0,480194
0,45005
0,474512
0,504823
0,455525
0,458429
0,460316
0,451436
0,458701
0,465872
0,429063
0,443603
0,50002
0,591186
0,526974
0,461658
0,473817
0,466631
0,446615
0,443771
0,466975
0,479187
0,473693
0,46986
0,486636
0,496912
0,465576
0,453289
0,433545
0,467224
0,453844
0,465178
0,448357
0,473479
0,462022
0,43602
0,478241
0,474352
0,484522
0,462826
0,455517
0,511889
0,48457
0,454084
0,455585
0,455447
0,442768
0,474986
0,482783
0,497817
0,456217
0,456084
0,457342
0,447227
0,466902
0,466975
0,495345
0,468318
0,541578
0,478343
0,452884
0,474071
0,492832
0,498046
0,46137
0,468875
0,468134
0,479284
0,457561
0,497277
0,453418
0,462818
0,491103
0,45909
0,461373
0,484107
0,442126
0,469846
0,456738
0,525731
0,45266
0,496985
0,468249
0,435338
0,439472
0,459517
0,457637
0,45478
0,460373
0,443364
0,543678
0,547351
0,482581
0,506503
0,510779
0,489498
0,674013
0,90865
0,723778
0,953055
0,706183
0,73266
0,733236
0,652279
0,669631
1,362924
1,090004
0,706553
0,609869
0,672246
1,554084
0,778261
0,629327
0,641985
0,634149
0,637798
0,593252
0,664189
0,614981
0,563617
0,573573
0,635294
0,640942
0,600782
0,800885
0,638474
0,601329
0,624466
0,523748
0,479845
0,44625
0,486078
0,457776
0,47156
0,474429
0,526686
0,466723
0,486417
0,499881
0,601864
0,472839
0,500522
0,509346
0,627153
0,548511
0,514899
0,52012
0,501051
0,605647
0,702929
0,521271
0,474509
0,472093
0,475368
0,485839
0,466767
0,520818
0,470678
0,451846
0,465204
0,442758
0,471725
0,473839
0,462666
0,439551
0,512496
0,49879
0,540438
0,50753
0,465618
0,537228
0,607932
0,526486
0,748029
0,579849
0,48655
0,512816
0,503615
0,547236
0,478885
0,506691
0,4811
0,513464
0,480439
0,49507
0,457435
0,482431
0,555116
0,531263
0,522926
0,523558
0,464642
0,487759
0,534334
0,443372
0,469533
0,494151
0,701027
0,504997
0,548726
0,460754
0,49863
0,473304
0,620386
0,511803
0,460363
0,499284
0,509238
0,511248
0,566464
0,748635
0,57541
0,555932
0,788916
0,529122
0,518151
0,475884
0,494253
0,481043
0,459192
0,465438
0,501492
0,499194
0,4733
0,478142
0,511696
0,460922
0,492391
0,454682
0,486811
0,493753
0,459193
0,64399
0,690824
0,566429
0,482988
0,490949
0,759341
0,694535
0,588702
0,537892
0,546482
0,434161
0,466777
0,496552
0,496016
0,493388
0,475941
0,522064
0,475039
0,472883
0,506803
0,502129
0,471241
0,49286
0,498115
0,536788
0,480584
0,488184
0,47003
0,465886
0,481961
0,495246
0,4879
1,017512
0,575584
0,538467
0,531333
0,485028
0,474572
0,460616
0,551074
0,52381
0,488356
0,506412
0,538468
0,525619
0,526676
0,485729
0,500393
0,680267
0,524424
0,588717
0,474207
0,502228
0,461912
0,463148
0,480661
0,501049
0,473713
0,481736
0,431759
0,484043
0,522288
0,471318
0,563502
0,590469
0,480283
0,539102
0,517568
0,505839
0,494169
0,49932
0,563388
0,483133
0,463503
0,470303
0,463089
0,485982
0,457038
0,469725
0,462114
0,460685
0,44924
0,464508
0,458016
0,464515
0,478559
0,461667
0,462626
0,470306
0,478289
0,460427
0,488197
0,505382
0,461393
0,458102
0,494102
0,461503
0,455369
0,485525
0,452778
0,489618
0,452353
0,449308
0,455519
0,497515
0,465078
0,449742
0,497806
0,523377
0,461537
0,444325
0,467041
0,466386
0,452639
0,472447
0,444184
0,461646
0,468609
0,459662
0,451692
0,464277
0,448649
0,448131
0,463
0,47045
0,449901
0,475931
0,452779
0,449569
0,480767
0,457426
0,464284
0,503188
0,482104
0,487847
0,459826
0,467163
0,499856
0,451071
0,473346
0,433635
0,467193
0,472945
0,458796
0,464844
0,470652
0,606328
0,519361
0,575936
0,526998
0,579114
0,836114
0,547048
0,460952
0,484004
0,454066
0,479881
0,464917
0,510524
0,633039
0,583733
0,492727
0,503636
0,560903
0,607699
0,561138
0,540382
0,697129
0,654301
0,534818
0,473157
0,559286
0,493119
0,45936
0,457894
0,572769
0,622853
0,526865
0,49172
0,479795
0,486707
0,476635
0,484298
0,475438
0,452636
0,440233
0,515463
0,452497
0,463475
0,515662
0,468241
0,488655
0,480408
0,48856
0,492944
0,479835
0,465911
0,484113
0,585438
0,50232
0,52931
0,495946
0,473999
0,452769
0,498065
0,523932
0,50066
0,549993
0,535967
0,471207
0,447969
0,489177
0,505314
0,453365
0,459712
0,475992
0,477985
0,471568
0,450331
0,489548
0,45805
0,452232
0,479529
0,463222
0,455642
0,451587
0,486873
0,830267
0,479201
0,536765
0,505581
0,45729
0,489943
0,455485
0,452415
0,440119
0,501651
0,442649
0,466515
0,529516
0,57455
0,598095
0,651057
0,879228
0,928373
0,793685
0,695655
0,795955
0,690478
0,662115
0,613667
0,634949
0,742707
1,209027
0,838394
0,832911
1,472808
1,358864
0,793408
0,683283
0,682367
0,516664
0,586156
0,517062
0,560185
0,523152
0,562488
0,505626
0,560791
0,586198
0,546285
0,501513
0,517809
0,479715
0,491541
0,459217
0,448515
0,465515
0,657729
0,532145
0,580695
0,685384
0,557486
0,486546
0,473251
0,576229
0,476006
0,504702
0,556817
0,557332
0,445485
0,547661
0,497495
0,527635
0,462568
0,517614
0,445456
0,473861
0,49283
0,462553
0,469944
0,483105
0,736707
0,599613
0,536717
0,504641
0,506514
0,461198
0,450217
0,469934
0,456675
0,482089
0,461449
0,480469
0,704873
0,635223
0,512848
0,509371
0,569383
0,819296
0,524762
0,561393
0,542988
0,486306
0,458085
0,514577
0,461151
0,493275
0,426287
0,460776
0,461552
0,444434
0,488592
0,462913
0,450346
0,483745
0,455567
0,510981
0,54207
0,532919
0,459289
0,490111
0,470089
0,556433
0,663343
0,651247
0,52749
0,571227
0,473692
0,456303
0,462395
0,477542
0,490041
0,452046
0,489182
0,545509
0,510741
0,469488
0,489436
0,480113
0,457021
0,483428
0,521345
0,494364
0,475249
0,469299
0,525955
0,516398
0,733107
0,522911
0,533258
0,51243
0,496728
0,454079
0,484925
0,509299
0,465465
0,533613
0,654401
0,484854
0,48825
0,490268
0,46105
0,862515
0,749612
0,545925
0,487492
0,451446
0,467252
0,486196
0,461441
0,466211
0,698134
0,504211
0,475189
0,468047
0,485968
0,459207
0,443514
0,467153
0,491496
0,452728
0,461804
0,483568
0,460041
0,509174
0,549023
0,498736
0,474726
0,508388
0,590636
0,830359
0,517313
0,484566
0,480268
0,493115
0,532287
0,491149
0,565963
0,447394
0,57275
0,472991
0,502154
0,461649
0,476537
0,476059
0,468514
0,503465
0,544081
0,487313
0,483577
0,49278
0,462718
0,451314
0,441318
0,471478
0,612406
0,509156
0,544988
0,49519
0,532713
0,572204
0,622951
0,485613
0,455117
0,503697
0,499181
0,511021
0,48463
0,557765
0,510585
0,48459
0,479572
0,450687
0,448957
0,477642
0,455232
0,465771
0,509604
0,449001
0,491883
0,44055
0,485969
0,45127
0,454287
0,492646
0,44927
0,48053
0,465596
0,452273
0,456678
0,430105
0,475726
0,482083
0,455676
0,450632
0,442709
0,4495
0,466286
0,455949
0,470539
0,440375
0,453487
0,4955
0,430413
0,443888
0,448891
0,437935
0,443155
0,473986
0,457248
0,441147
0,465501
0,448597
0,477848
0,470276
0,478729
0,473478
0,451832
0,48619
0,461244
0,423756
0,442593
0,452467
0,448797
0,483769
0,432343
0,451908
0,470985
0,444298
0,438715
0,466005
0,449306
0,428676
0,442987
0,455715
0,459551
0,447208
0,443635
0,447434
0,443339
0,448381
0,503468
0,494164
0,472248
0,471557
0,450299
0,475997
0,478173
0,454906
0,462479
0,45066
0,425961
0,469273
0,457867
0,443159
0,44305
0,467687
0,448162
0,447914
0,440461
0,469243
0,465795
0,504255
0,463843
0,530923
0,574253
0,493719
0,450443
0,458589
0,468483
0,456129
0,44417
0,446453
0,454757
0,468703
0,463383
0,48248
0,481414
0,436766
0,44237
0,446057
0,510543
0,455158
0,45189
0,44681
0,46704
0,44083
0,447675
0,456589
0,434604
0,439077
0,450344
0,434266
0,452611
0,450927
0,440808
0,456316
0,435996
0,456998
0,449097
0,475043
0,495698
0,457558
0,441015
0,43961
0,513524
0,449631
0,457948
0,478377
0,46216
0,467904
0,4971
0,445855
0,517227
0,569663
0,601391
0,542164
0,470188
0,461782
0,445766
0,4591
0,485296
0,481643
0,451081
0,456112
0,449559
0,438277
0,443995
0,461981
0,446581
0,444028
0,455588
0,488228
0,464099
0,440921
0,44693
0,425312
0,463455
0,443651
0,478894
0,478666
0,430202
0,469808
0,452167
0,464513
0,494204
0,448397
0,444491
0,439503
0,446307
0,437287
0,456622
0,469687
0,473996
0,454458
0,507318
0,554214
0,552095
0,533279
0,531229
0,518838
0,549125
0,596128
0,560125
0,489239
0,479471
0,464082
0,473074
0,657264
0,583399
0,610772
0,501344
0,456252
0,444731
0,480706
0,494721
0,541059
0,697593
0,471483
0,53224
0,475431
0,480344
0,432666
0,454954
0,460629
0,491107
0,462407
0,437349
0,45088
0,46376
0,435573
0,494948
0,555821
0,508578
0,71144
0,532879
0,491563
0,470854
0,477116
0,470804
0,459275
0,46248
0,457974
0,617047
0,613027
0,477317
0,447901
0,546631
0,490915
0,471029
0,465704
0,467094
0,531513
0,450534
0,547511
0,554021
0,514963
0,495162
0,508188
0,467374
0,503877
0,719487
0,486039
0,480887
0,477211
0,489725
0,479614
0,464841
0,473972
0,508611
0,45851
0,474685
0,468397
0,487844
0,465701
0,494467
0,576818
0,655435
0,611617
0,550857
0,547404
0,49249
0,490993
0,543015
0,593616
0,665782
0,492226
0,505313
0,515586
0,491016
0,469776
0,487178
0,466212
0,46456
0,435252
0,474983
0,446723
0,480014
0,470545
0,570311
0,488017
0,476732
0,450341
0,448626
0,520702
0,486898
0,467176
0,507819
0,547047
0,787644
0,653159
0,507398
0,49543
0,462769
0,499013
0,506667
0,591657
0,505199
0,485728
0,492655
0,479039
0,529538
0,496127
0,500701
0,512271
0,520545
0,738052
0,48944
0,459968
0,485465
0,494698
0,478231
0,465411
0,482483
0,486202
0,44645
0,52921
0,451592
0,459288
0,612005
0,554058
0,477988
0,477859
0,513766
0,555472
0,577113
0,573826
0,586771
0,463205
0,44828
0,481888
0,566755
0,658827
0,468825
0,503055
0,477587
0,46362
0,50541
0,475502
0,459805
0,490357
0,478929
0,447266
0,443538
0,448401
0,478084
0,51136
0,495501
0,599571
0,511099
0,483745
0,635019
0,56128
0,498681
0,454009
0,546471
0,767583
0,553013
0,576612
0,505762
0,450262
0,472008
0,51215
0,505046
0,452107
0,457834
0,48365
0,473985
0,523723
0,483947
0,549012
0,471904
0,588529
0,588318
0,487864
0,49009
0,499615
0,460958
0,46366
0,472065
0,502767
0,487574
0,476326
0,533576
0,64423
0,501257
0,459978
0,484544
0,510585
0,483076
0,46062
0,528163
0,540244
0,46777
0,459055
0,445208
0,449937
0,500971
0,446753
0,445979
0,444668
0,43887
0,472599
0,474653
0,454833
0,476895
0,439896
0,45697
0,48475
0,446904
0,441516
0,467696
0,460527
0,474741
0,515982
0,462702
0,465707
0,439483
0,476932
0,473011
0,457378
0,473723
0,445746
0,436981
0,468433
0,461888
0,453526
0,469341
0,45405
0,464356
0,448305
0,47924
0,456769
0,46606
0,472769
0,441864
0,474972
0,47086
0,449557
0,48505
0,491737
0,479248
0,451372
0,452575
0,432803
0,448246
0,467726
0,451691
0,461085
0,44695
0,466964
0,45095
0,45561
0,451686
0,486258
0,480278
0,451616
0,438606
0,462471
0,442908
0,464486
0,450733
0,46533
0,444209
0,470482
0,451234
0,448503
0,446926
0,449116
0,458104
0,455232
0,450572
0,465459
0,449277
0,444458
0,457512
0,450743
0,449031
0,443988
0,462065
0,436712
0,502922
0,443
0,459283
0,456297
0,460763
0,462916
0,542083
0,56831
0,460087
0,438402
0,436175
0,46433
0,45993
0,431338
0,458247
0,430647
0,518672
0,442667
0,458639
0,450387
0,461507
0,458102
0,446814
0,440778
0,491407
0,447905
0,46849
0,462789
0,467321
0,450241
0,485381
0,450683
0,472571
0,46417
0,439506
0,476701
0,45031
0,459561
0,467685
0,458345
0,51634
0,471306
0,462871
0,46228
0,469135
0,461413
0,480343
0,471914
0,457403
0,463208
0,445445
0,453336
0,486107
0,517045
0,457032
0,446572
0,449823
0,438607
0,442916
0,445693
0,447645
0,462567
0,450459
0,450375
0,459118
0,444688
0,496303
0,467509
0,449334
0,437655
0,444324
0,446461
0,44511
0,456029
0,461243
0,4664
0,450267
0,456396
0,446247
0,439271
0,472358
0,444838
0,433307
0,47562
0,490858
0,460587
0,447979
0,439157
0,473185
0,440799
0,455943
0,447167
0,484452
0,460352
0,452997
0,477778
0,466567
0,484839
0,470787
0,457931
0,498991
0,516435
0,529807
0,542088
0,541799
0,607723
0,709631
0,822242
0,535948
0,485961
0,549097
0,806866
0,652674
0,638075
0,514587
0,494478
0,478134
0,4612
0,484501
0,646957
0,646865
0,499529
0,458516
0,500857
0,473229
0,469667
0,480795
0,446106
0,449842
0,459706
0,480615
0,44866
0,458502
0,450189
0,455613
0,453046
0,737084
0,549734
0,478438
0,462387
0,470681
0,465593
0,455832
0,49316
0,643824
0,541245
0,655923
0,52789
0,467144
0,459682
0,534782
0,587805
0,506533
0,486646
0,470463
0,496688
0,48858
0,471466
0,45512
0,5011
0,560067
0,512831
0,473516
0,487617
0,465201
0,464673
0,479522
0,554474
0,466753
0,482088
0,72943
0,495347
0,58665
0,498614
0,56062
0,557086
0,558713
0,460128
0,512639
0,469668
0,474453
0,566742
0,766589
0,536639
0,487058
0,581768
0,677411
0,494697
0,469209
0,532719
0,492439
0,492475
0,451553
0,463647
0,44967
0,585456
0,570972
0,637079
0,586523
0,478714
0,446396
0,649647
0,598188
0,545206
0,482436
0,462118
0,519745
0,597881
0,482638
0,457184
0,821542
0,696513
0,505645
0,474184
0,549413
0,541608
0,539025
0,482429
0,525542
0,734314
0,627951
0,541076
0,489649
0,468382
0,468001
0,557218
0,54306
0,734247
0,496902
0,507495
0,48969
0,512249
0,474232
0,500901
0,462371
0,478592
0,567449
0,514006
0,490047
0,468683
0,551572
0,835867
0,692737
0,689763
0,502299
0,456956
0,47457
0,451192
0,493686
0,463016
0,464486
0,476905
0,744735
0,540323
0,500925
0,721536
0,612433
0,496056
0,479693
0,459085
0,484522
0,483306
0,492268
0,637644
0,584469
0,483314
0,595355
0,576695
0,478214
0,811
0,993705
0,545948
0,568502
0,500176
0,466805
0,517179
0,537489
0,472021
0,464086
0,447162
0,465413
0,449327
0,427596
0,578326
0,82118
0,529295
0,49272
0,476212
0,47156
0,518374
0,450472
0,480286
0,492318
0,809498
0,572724
0,516008
0,615656
0,572956
0,697546
0,680373
0,654515
0,542716
0,507268
0,511211
0,465657
0,47052
0,485615
0,45032
0,566161
0,662455
0,501569
0,473844
0,627251
0,566701
0,578165
0,516271
0,615512
0,597808
0,606153
0,477643
0,493939
0,521018
0,556064
0,548526
0,604762
0,669043
0,893042
0,655496
0,579144
0,559973
0,497581
0,762967
0,517653
0,499236
0,472353
0,500306
0,466929
0,437224
0,475715
0,453031
0,656973
0,619209
0,559006
0,495556
0,498307
0,498527
0,478768
0,570017
0,59583
0,478163
0,528451
0,470875
0,493346
0,460495
0,488691
0,788217
0,680367
0,601619
0,56064
0,476976
0,501708
0,499593
0,497974
0,492382
0,452923
0,460544
0,45599
0,472865
0,448881
0,450749
0,673099
0,650911
0,487823
0,450588
0,466582
0,48409
0,457535
0,487661
0,48855
0,436917
0,47858
0,452836
0,443681
0,450005
0,472541
0,475516
0,652742
0,855344
0,535124
0,457769
0,475969
0,441112
0,457938
0,494073
0,449517
0,459032
0,474431
0,456532
0,446523
0,457832
0,456697
0,438324
0,64598
0,53722
0,528373
0,481473
0,448597
0,479798
0,448165
0,456415
0,437284
0,442143
0,487774
0,441934
0,460428
0,455205
0,480243
0,491562
0,608954
0,65715
0,607424
0,47787
0,459234
0,480764
0,45482
0,47077
0,439137
0,456942
0,485485
0,467126
0,494981
0,458266
0,481364
0,43999
0,644603
0,650629
0,53707
0,462027
0,453302
0,461429
0,462931
0,481702
0,454849
0,498381
0,468804
0,498789
0,451021
0,456551
0,468659
0,451609
0,643628
0,602899
0,529548
0,469243
0,455662
0,453741
0,439401
0,459481
0,476304
0,467378
0,463123
0,476488
0,489635
0,472967
0,461957
0,461184
0,620211
0,6654
0,533587
0,45922
0,480862
0,460574
0,459575
0,480354
0,479503
0,518768
0,497239
0,580066
0,527558
0,514617
0,562854
0,702151
0,699737
0,58134
0,472996
0,442017
0,463881
0,51679
0,752401
0,668512
0,582671
0,497956
0,467205
0,462276
0,4749
1,016623
0,690914
0,517389
0,524581
0,458637
0,467793
0,475377
0,444976
0,466674
0,451532
0,462557
0,463193
0,468677
0,459292
0,461721
0,702931
0,696276
0,526489
0,512847
0,466002
0,493573
0,532049
0,547648
0,524736
0,639206
0,723419
0,578868
0,509923
0,608557
0,734144
0,788093
0,679589
0,5274
0,528318
0,481619
0,535791
0,467975
0,473083
0,584503
0,656634
0,459253
0,512555
0,521195
0,721855
0,669524
0,560164
0,510273
0,500442
0,471257
0,541776
0,636565
0,547246
0,476451
0,488565
0,495713
0,581695
0,61971
0,747086
0,619529
0,458765
0,465421
0,455487
0,466643
0,630267
0,645479
0,48732
0,486475
0,465414
0,552457
0,479941
0,456682
0,476624
0,458744
0,477242
0,462197
0,446668
0,656075
1,063303
0,804025
0,943504
0,5779
0,54358
0,510734
0,503786
0,489453
0,666432
0,815836
0,659618
0,535124
0,488164
0,454806
0,453986
0,450563
0,485347
0,461142
0,475803
0,613163
0,612771
0,469555
0,490406
0,929363
1,078561
0,612585
0,588687
0,872499
0,576049
0,612173
0,534014
0,454478
0,458297
0,485985
0,455262
0,698869
0,737238
0,52163
0,540524
0,558507
0,48817
0,506374
0,446596
0,48533
0,501681
0,60327
0,62465
0,469836
0,476596
0,553838
0,602046
0,551685
0,75133
0,478261
0,476511
0,492927
0,441392
0,469082
0,493205
0,480371
0,556542
0,831351
0,545833
0,471956
0,513275
0,469035
0,475942
0,505836
0,823836
0,91127
0,699349
0,481491
0,515069
0,478861
0,488454
0,474862
0,454749
0,467322
0,483275
0,449817
0,453561
0,500507
0,678819
0,642927
0,723304
0,554259
0,510623
0,536186
0,551416
0,619494
0,529119
0,473744
0,648742
0,748886
0,700412
0,523847
0,549444
0,455188
0,474432
0,464244
0,463564
0,503936
0,461113
0,467641
0,446249
0,458856
0,456111
0,50951
0,660917
0,596843
0,533801
0,464617
0,45595
0,452168
0,451741
0,47556
0,469222
0,451331
0,487615
0,459251
0,478099
0,437555
0,445661
0,472424
0,482368
0,449402
0,459936
0,485547
0,661068
0,646832
0,53189
0,445767
0,446025
0,45016
0,467157
0,464337
0,449087
0,453288
0,454211
0,471485
0,482652
0,451625
0,456411
0,441166
0,537976
0,473727
0,481119
0,475809
0,439321
0,456513
0,453556
0,441829
0,461261
0,455286
0,486128
0,440961
0,451456
0,474931
0,445547
0,443683
0,444271
0,592412
0,677064
0,536397
0,475481
0,467928
0,466851
0,437164
0,491896
0,443195
0,446089
0,452946
0,46704
0,497484
0,489896
0,456452
0,444759
0,478881
0,485054
0,442485
0,46731
0,468675
0,525004
0,491854
0,505382
0,474089
0,502706
0,490457
0,504733
0,622816
0,592585
0,495905
0,51089
0,448687
0,49298
0,476101
0,455345
0,448055
0,48087
0,491129
0,428312
0,496228
0,462033
0,523425
0,454071
0,519857
0,454568
0,495635
0,433857
0,625844
0,501067
0,436997
0,453976
0,442404
0,462629
0,539781
0,459969
0,510054
0,439568
0,518954
0,4551
0,527621
0,466115
0,470713
0,49928
0,460185
0,461949
0,448532
0,431103
0,485771
0,448002
0,460674
0,464856
0,44525
0,474154
0,483
0,477542
0,514642
0,490445
0,508849
0,467378
0,440949
0,462573
0,453421
0,495349
0,44648
0,463505
0,46335
0,4594
0,472576
0,466754
0,437311
0,481534
0,461808
0,454286
0,506449
0,456254
0,454852
0,44637
0,471091
0,437098
0,460835
0,44611
0,453035
0,450951
0,434331
0,454843
0,455531
0,468703
0,467569
0,450704
0,450221
0,450508
0,46489
0,453741
0,449917
0,45242
0,446921
0,435899
0,446946
0,458648
0,438656
0,440728
0,443352
0,461396
0,461676
0,465792
0,479209
0,456868
0,450657
0,435898
0,434076
0,445567
0,498918
0,528321
0,479767
0,501575
0,48865
0,564853
0,516443
0,560578
0,522635
0,51598
0,523721
0,471204
0,517246
0,461186
0,496085
0,474929
0,609402
0,680355
0,556685
0,53656
0,51004
0,47148
0,44241
0,443165
0,447021
0,705239
0,499009
0,541503
0,476547
0,470099
0,489181
0,448764
0,441384
0,498328
0,537394
0,687151
0,472299
0,44871
0,447969
0,479592
0,483048
0,494049
0,567764
0,503133
0,462627
0,462305
0,457278
0,446966
0,440013
0,453573
0,508177
0,504817
0,500634
0,470517
0,460458
0,456595
0,460632
0,465802
0,450364
0,463836
0,46706
0,467804
0,45859
0,491858
0,47741
0,547679
0,466756
0,453484
0,490971
0,684153
0,505099
0,502333
0,49091
0,477634
0,454513
0,465233
0,455458
0,485259
0,460373
0,48766
0,4464
0,448286
0,562172
0,636213
0,460422
0,454047
0,520711
0,514711
0,546062
0,460615
0,504969
0,447447
0,485535
0,447454
0,449836
0,603724
0,643296
0,458344
0,500537
0,471704
0,533657
0,656779
0,468845
0,46367
0,451124
0,470865
0,485908
0,461908
0,493742
0,583182
0,513876
0,493957
0,452609
0,440551
0,462288
0,464664
0,441509
0,45516
0,454194
0,485179
0,518541
0,666958
0,484254
0,487561
0,459619
0,471834
0,451997
0,454412
0,487864
0,441127
0,476012
0,475832
0,448721
0,51156
0,561705
0,620301
0,569718
0,623498
0,598349
0,515486
0,478235
0,450763
0,521461
0,493368
0,497632
0,524609
0,461389
0,474872
0,455999
0,462742
0,460425
0,496987
0,447627
0,460202
0,456207
0,453737
0,501259
0,48063
0,522914
0,457045
0,50352
0,471114
0,468527
0,638299
0,526876
0,490654
0,755015
0,658457
0,506152
0,477874
0,495179
0,453236
0,451701
0,466182
0,53416
0,517587
0,503105
0,445159
0,460641
0,491351
0,498538
0,545412
0,446969
0,467872
0,493258
0,46567
0,45815
0,454333
0,462407
0,662318
0,528507
0,513714
0,506095
0,473827
0,462982
0,462583
0,513613
0,481398
0,529209
0,62107
0,477867
0,529455
0,544881
0,564212
0,51325
0,520369
0,747905
0,496143
0,455203
0,483912
0,442097
0,498468
0,436451
0,467316
0,44724
0,481693
0,439326
0,494081
0,451825
0,457307
0,45274
0,472764
0,449492
0,459352
0,454623
0,475004
0,464465
0,459524
0,469358
0,462676
0,489863
0,457846
0,455059
0,540963
0,540864
0,471264
0,496083
0,447787
0,473869
0,469043
0,45688
0,54713
0,494273
0,437229
0,456062
0,452526
0,444442
0,45055
0,458468
0,440924
0,45871
0,508806
0,446944
0,453583
0,456256
0,455523
0,434894
0,461465
0,447942
0,434258
0,476527
0,449195
0,437544
0,492727
0,436389
0,497137
0,447967
0,443561
0,432002
0,448048
0,448536
0,503419
0,469028
0,439865
0,464763
0,486104
0,457982
0,467086
0,463518
0,466901
0,443364
0,448871
0,471501
0,450318
0,439078
0,456809
0,438735
0,454469
0,449005
0,447987
0,455248
0,459153
0,461168
0,464497
0,443411
0,464417
0,512344
0,497526
0,477241
0,492958
0,503075
0,533764
0,523344
0,576196
0,628352
0,553154
0,531608
0,501455
0,451843
0,456941
0,447988
0,607798
0,528674
0,486547
0,46212
0,441902
0,468824
0,458388
0,461585
0,566713
0,679448
0,516099
0,508986
0,467771
0,447317
0,45875
0,471061
0,447682
0,530125
0,616011
0,478849
0,441222
0,521422
0,447322
0,469337
0,470708
0,622284
0,733928
0,503905
0,477722
0,468763
0,462491
0,490668
0,531544
0,551714
0,582623
0,699735
0,471422
0,499228
0,459221
0,473187
0,467049
0,480561
0,484875
0,6371
0,640156
0,516534
0,441006
0,528373
0,480676
0,449674
0,459653
0,450897
0,582962
0,590078
0,466839
0,521843
0,589939
0,468465
0,460723
0,47856
0,599555
0,728059
0,551357
0,508816
0,51577
0,474399
0,515301
0,476892
0,677315
0,537215
0,441567
0,446958
0,442184
0,453984
0,490492
0,477259
0,445497
0,453149
0,451558
0,471874
0,468515
0,455382
0,446834
0,451197
0,448216
0,465443
0,470899
0,46923
0,701345
0,678047
0,483595
0,594204
0,592549
0,575242
0,599152
0,575279
0,55408
0,55647
0,520551
0,599673
0,66223
0,736122
0,651063
0,523043
0,474081
0,467556
0,4642
0,457244
0,560688
0,635966
0,466531
0,481297
0,503544
0,505063
0,438538
0,538223
0,459588
0,535273
0,649175
0,524535
0,459779
0,54789
0,600257
0,57831
0,475277
0,527321
0,495985
0,479241
0,443039
0,449847
0,449612
0,462152
0,427511
0,445203
0,453729
0,441867
0,473489
0,425007
0,433399
0,422211
0,477892
0,462927
0,472802
0,473069
0,458499
0,433466
0,438218
0,548907
0,594299
0,49272
0,482738
0,470677
0,679475
0,537558
0,467638
0,486745
0,486371
0,484486
0,432034
0,430654
0,43082
0,458753
0,461675
0,468356
0,491763
0,432376
0,461307
0,450935
0,453937
0,432257
0,449423
0,482322
0,452398
0,577026
0,500499
0,453397
0,439204
0,443811
0,448097
0,469222
0,711269
0,469115
0,515348
0,503018
0,47668
0,526078
0,533448
0,446892
0,45501
0,447121
0,476901
0,45427
0,492466
0,459001
0,542519
0,513129
0,626114
0,540137
0,531296
0,483258
0,499528
0,478527
0,462931
0,422131
0,421225
0,722741
0,498272
0,463271
0,476139
0,447215
0,450133
0,448771
0,454785
0,470328
0,414101
0,460105
0,492334
0,461691
0,567826
0,697225
0,602076
0,507909
0,757403
0,527952
0,535426
0,485003
0,528151
0,542541
0,48681
0,531759
0,452586
0,523988
0,460046
0,447522
0,436288
0,425867
0,446845
0,429753
0,411696
0,478383
0,575336
0,482249
0,497195
0,518436
0,455459
0,458303
0,422779
0,40546
0,57659
0,655147
0,528335
0,56092
0,602893
0,476344
0,475941
0,459384
0,462492
0,481168
0,537289
0,452476
0,504252
0,478959
0,490614
0,485881
0,539866
0,464077
0,430493
0,489909
0,500793
0,4671
0,440955
0,432982
0,469449
0,615474
0,666392
0,451406
0,5116
0,475057
0,453908
0,461012
0,458719
0,467849
0,453667
0,476018
0,438189
0,477166
0,707303
0,640956
0,516385
0,508802
0,465583
0,72866
0,565017
0,537566
0,459304
0,469262
0,456587
0,45632
0,480582
0,430244
0,425679
0,4747
0,454256
0,456093
0,419135
0,427651
0,423724
0,409078
0,414853
0,415941
0,411239
0,454072
0,466758
0,404406
0,492699
0,5044
0,501582
0,490636
0,603441
0,604988
0,489615
0,460361
0,525208
0,465746
0,476897
0,455819
0,513761
0,56861
0,45447
0,430139
0,424582
0,433482
0,468898
0,477029
0,463276
0,440351
0,427127
0,418412
0,452068
0,466881
0,456908
0,422041
0,423597
0,460911
0,425282
0,443312
0,454152
0,456794
0,44553
0,45586
0,528191
0,477518
0,45679
0,470084
0,440267
0,429536
0,442671
0,418436
0,461526
0,452476
0,443098
0,450293
0,455917
0,428609
0,458066
0,430593
0,430212
0,471874
0,452936
0,442307
0,426803
0,449208
0,412371
0,434111
0,482002
0,451817
0,463827
0,418878
0,411738
0,446477
0,428648
0,469082
0,445862
0,440855
0,455675
0,435116
0,44477
0,473824
0,456665
0,439521
0,418501
0,44306
0,490632
0,600796
0,489745
0,448109
0,443927
0,417711
0,469952
0,441156
0,419474
0,45247
0,44403
0,433969
0,424516
0,427009
0,437225
0,459676
0,468781
0,456387
0,465671
0,449497
0,417823
0,430609
0,47453
0,459485
0,420516
0,464031
0,455326
0,413342
0,443562
0,436819
0,435362
0,426719
0,414189
0,454519
0,429463
0,436581
0,431729
0,409004
0,401887
0,416307
0,407484
0,413241
0,465802
0,406072
0,400057
0,433572
0,42029
0,406803
0,428052
0,498556
0,44415
0,424035
0,402815
0,436882
0,461757
0,410061
0,436497
0,424541
0,427039
0,418351
0,428157
0,416871
0,408373
0,40768
0,429964
0,407142
0,477333
0,501168
0,454618
0,483619
0,41813
0,407405
0,408462
0,402005
0,401099
0,46856
0,505151
0,50248
0,454507
0,448245
0,430506
0,460641
0,455004
0,47601
0,443208
0,47938
0,448972
0,448794
0,456865
0,46401
0,429997
0,480996
0,455806
0,442542
0,448383
0,43446
0,434669
0,468061
0,419799
0,459423
0,440971
0,434326
0,449989
0,463511
0,456266
0,441011
0,440842
0,436245
0,429821
0,426161
0,427014
0,481138
0,438823
0,420387
0,427693
0,426111
0,420287
0,415615
0,435344
0,480759
0,541622
0,492655
0,541827
0,473768
0,496006
0,519327
0,472447
0,526115
0,550114
0,467955
0,424989
0,511858
0,633536
0,506985
0,566525
0,531558
0,489696
0,461106
0,444827
0,43027
0,451049
0,486437
0,805123
0,687626
0,487017
0,445943
0,495081
0,475005
0,449053
0,439684
0,472171
0,48447
0,446896
0,515927
0,477436
0,455264
0,45578
0,430547
0,455647
0,47243
0,427159
0,421926
0,421505
0,458115
0,474468
0,513745
0,437572
0,504413
0,449663
0,475492
0,457755
0,435032
0,430811
0,451154
0,538488
0,48593
0,456692
0,423123
0,414356
0,478208
0,435188
0,459337
0,465955
0,540583
0,484828
0,455082
0,740575
0,509525
0,497854
0,470901
0,457885
0,5127
0,483074
0,421296
0,448834
0,449761
0,419879
0,519626
0,462012
0,459551
0,463984
0,441438
0,440835
0,423417
0,445807
0,432133
0,502947
0,571704
0,497144
0,521339
0,448267
0,457051
0,572359
0,966143
0,53464
0,575806
0,57887
0,531146
0,516302
0,618294
0,580697
0,553191
0,492322
0,481995
0,47435
0,459501
0,462007
0,592527
0,575816
0,491593
0,533643
0,473755
0,500427
0,456218
0,46995
0,427924
0,544487
0,708956
0,460532
0,472012
0,505225
0,503067
0,508997
0,580006
0,460622
0,470997
0,47338
0,465534
0,50852
0,650769
0,621668
0,4689
0,467566
0,646991
0,501245
0,517998
0,465248
0,484129
0,497811
0,439292
0,444752
0,426259
0,445972
0,474378
0,469969
0,462541
0,44567
0,440712
0,447083
0,441652
0,463108
0,467
0,474086
0,464791
0,614535
0,489256
0,428984
0,493501
0,64844
0,699101
0,560401
0,465674
0,476831
0,4868
0,474216
0,549778
0,484404
0,449058
0,520262
0,452429
0,491419
0,501771
0,449657
0,434376
0,453492
0,430869
0,449943
0,516409
0,500088
0,579039
0,463741
0,46237
0,46763
0,481737
0,479479
0,464674
0,708119
0,500076
0,545101
0,725156
0,654787
0,536512
0,533815
0,51635
0,507191
0,483049
0,510938
0,576924
0,461828
0,490805
0,657571
0,627207
0,469373
0,501749
0,477079
0,468632
0,512404
0,450303
0,44733
0,464697
0,441139
0,440205
0,422706
0,474903
0,440408
0,422003
0,49832
0,447904
0,478525
0,488335
0,432093
0,520226
0,623402
0,547165
0,437741
0,479707
0,475833
0,488738
0,547932
0,482148
0,498788
0,445977
0,498345
0,437154
0,436972
0,466946
0,458068
0,435087
0,458801
0,490976
0,432532
0,468748
0,455094
0,463933
0,455685
0,444347
0,461473
0,479399
0,433945
0,504367
0,453471
0,449057
0,458622
0,450453
0,452786
0,459571
0,509394
0,448726
0,43589
0,429667
0,44792
0,428634
0,433837
0,447603
0,471777
0,729327
0,512185
0,463864
0,46448
0,51077
0,436814
0,431202
0,444474
0,443553
0,432611
0,422356
0,420426
0,426331
0,426247
0,442294
0,427231
0,426964
0,423162
0,442506
0,452112
0,470617
0,452435
0,480326
0,473767
0,505909
0,439291
0,435112
0,429079
0,461066
0,468401
0,552869
0,581979
0,445729
0,410643
0,44917
0,472448
0,452725
0,466491
0,447623
0,464185
0,455879
0,458786
0,456972
0,437881
0,450715
0,449782
0,441756
0,459361
0,450038
0,426123
0,476679
0,443081
0,420116
0,468494
0,410923
0,416534
0,429106
0,45952
0,446148
0,433039
0,422947
0,48335
0,441924
0,485091
0,474351
0,45845
0,45921
0,436074
0,450199
0,451896
0,471849
0,455507
0,47128
0,471953
0,453219
0,44353
0,440856
0,470966
0,469108
0,462682
0,448296
0,452711
0,490545
0,475497
0,458735
0,465893
0,453289
0,473724
0,435069
0,473504
0,451949
0,444984
0,441541
0,429563
0,439726
0,432762
0,490137
0,469339
0,487561
0,471321
0,460338
0,447737
0,430346
0,429538
0,455043
0,451716
0,472442
0,449538
0,443445
0,44628
0,441036
0,464783
0,456095
0,4727
0,46203
0,432483
0,473691
0,482629
0,486576
0,445375
0,487786
0,446685
0,490337
0,432717
0,449536
0,460353
0,461611
0,449676
0,440616
0,434157
0,429699
0,496295
0,47438
0,479398
0,449419
0,450804
0,439013
0,433959
0,449679
0,435926
0,464113
0,448377
0,437524
0,430988
0,464822
0,456509
0,568182
0,531364
0,52212
0,553472
0,505951
0,590126
0,562572
0,573423
0,545495
0,519092
0,450866
0,457471
0,471715
0,4443
0,44593
0,448108
0,461021
0,597335
0,80853
0,629026
0,491323
0,480339
0,567191
0,561486
0,508794
0,777676
0,603372
0,493261
0,464175
0,480225
0,558832
0,479922
0,488798
0,501203
0,467583
0,473139
0,450744
0,454913
0,475209
0,471583
0,442092
0,473838
0,457592
0,451345
0,454936
0,472449
0,444117
0,479018
0,447153
0,46439
0,455696
0,477692
0,5256
0,45153
0,47497
0,551581
0,543716
0,436171
0,453747
0,501362
0,475766
0,468284
0,503588
0,565737
0,577785
0,543938
0,551692
0,678356
0,482054
0,49488
0,471638
0,477767
0,483475
0,451432
0,486496
0,484679
0,454526
0,452114
0,435612
0,433265
0,441984
0,460835
0,471966
0,446744
0,459364
0,458152
0,499526
0,489725
0,603554
0,654024
0,490485
0,593334
1,079702
1,140064
1,331697
1,822777
1,22956
0,898756
0,589392
0,539592
0,737358
0,656011
0,504831
0,448755
0,459371
0,441699
0,440697
0,453167
0,554926
0,607991
0,854144
1,19575
0,61882
0,491902
0,51353
0,488633
0,653961
0,864913
0,461012
0,498377
0,467582
0,475147
0,468189
0,432765
0,458032
0,474895
0,458416
0,451675
0,438009
0,493683
0,442183
0,557086
0,574924
0,508303
0,462736
0,461153
0,458455
0,458903
0,471087
0,489807
0,623418
0,674322
0,69476
0,500499
0,486536
0,480966
0,529685
0,542745
0,461381
0,446189
0,481711
0,488785
0,513778
0,587211
0,56068
0,482815
0,488163
0,474644
0,771391
0,514535
0,499343
0,51401
0,486331
0,480632
0,440415
0,50626
0,488827
0,452893
0,456691
0,439933
0,459967
0,503548
0,5868
0,474023
0,4741
0,487064
0,501365
0,585286
0,62891
0,575424
0,467472
0,440988
0,474478
0,582175
0,646244
0,457579
0,470994
0,480372
0,465679
0,475016
0,435933
0,451323
0,444946
0,470711
0,474173
0,453009
0,445785
0,492762
0,473396
0,495668
0,525732
0,516578
0,443877
0,498337
0,461818
0,462397
0,568741
0,51992
0,468702
0,512079
0,717979
0,514027
0,471337
0,493617
0,548721
0,487278
0,462519
0,508946
0,465835
0,485993
0,455728
0,473044
0,515525
0,428296
0,464721
0,463099
0,435765
0,468194
0,444535
0,45088
0,441596
0,450665
0,428468
0,480924
0,443181
0,453562
0,498052
0,539269
0,438251
0,491212
0,580788
0,51427
0,457192
0,490207
0,4801
0,478439
0,48646
0,472041
0,538311
0,45187
0,495964
0,469769
0,466859
0,44805
0,43646
0,436436
0,443402
0,466451
0,461298
0,448124
0,476041
0,45587
0,456547
0,435965
0,469297
0,445718
0,44755
0,449637
0,486874
0,448012
0,440064
0,473292
0,460731
0,453993
0,470512
0,457535
0,451556
0,439387
0,474786
0,59995
0,460394
0,4482
0,45258
0,467853
0,461642
0,446623
0,451644
0,4426
0,439548
0,443126
0,437871
0,466253
0,442375
0,450665
0,449346
0,431566
0,48763
0,441197
0,451089
0,438041
0,480102
0,445328
0,440075
0,435965
0,438332
0,440376
0,464428
0,431517
0,445568
0,428633
0,465515
0,495054
0,44684
0,482459
0,488653
0,501458
0,458796
0,489192
0,495552
0,466055
0,451861
0,450226
0,445144
0,455711
0,446727
0,473535
0,472417
0,456962
0,451643
0,438361
0,448801
0,456327
0,447925
0,486091
0,437992
0,456834
0,472609
0,455117
0,494505
0,453717
0,447264
0,432491
0,428624
0,444503
0,461001
0,424354
0,455286
0,44721
0,458562
0,435935
0,44071
0,467294
0,435375
0,429229
0,441454
0,433676
0,431508
0,464755
0,433977
0,447733
0,4531
0,442595
0,450918
0,461698
0,435773
0,439214
0,432188
0,578053
0,527443
0,463224
0,460056
0,499705
0,455871
0,455231
0,449249
0,445789
0,440383
0,458518
0,471446
0,456947
0,452945
0,460175
0,46066
0,443721
0,438963
0,44594
0,446935
0,45981
0,465344
0,440287
0,450216
0,462825
0,458697
0,490888
0,452847
0,440163
0,446425
0,444694
0,48855
0,501293
0,514612
0,543432
0,532565
0,490998
0,572661
0,518671
0,532191
0,679005
0,543812
0,532222
0,479452
0,455141
0,461332
0,477702
0,542462
0,724996
0,688846
0,640977
0,575799
0,623154
0,486403
0,765779
0,889008
0,578836
0,600354
0,58505
0,547997
0,54512
0,540917
0,535676
0,569729
0,546084
0,551973
0,558838
4,902346
0,93963
0,649792
0,633498
0,55775
0,636533
0,799085
1,009136
0,700783
0,541219
0,534192
0,508536
0,527828
0,692844
0,839917
0,675902
0,567522
0,715093
0,580279
0,545809
0,847782
0,513954
0,566403
0,565581
0,613525
0,521081
0,703976
0,591534
0,527945
0,540762
0,581387
0,563529
0,690126
0,728143
0,589751
0,536798
0,719026
0,631154
0,530409
0,525639
0,577697
0,607654
0,882256
0,529471
0,580951
0,630725
0,52118
0,541
0,535757
0,546971
0,513574
0,610109
0,52405
0,557882
0,721875
0,722052
0,741203
0,704073
0,615467
0,577425
0,642764
0,530171
0,578998
0,773638
0,6648
0,616681
0,554151
0,539635
0,496479
0,50143
0,514479
0,548065
0,522056
0,520032
0,640583
0,63961
0,557814
0,592014
0,87027
0,587351
0,857238
0,738785
0,57048
0,606307
0,644511
0,665967
0,633338
0,637884
0,553503
0,549807
0,552279
0,544185
0,563931
0,611412
0,727518
0,556149
0,54214
0,573057
0,553136
0,895599
0,619389
0,546718
0,613319
0,90704
0,675218
0,553209
0,75424
0,640679
0,602989
0,673096
0,840268
0,889833
0,653213
0,51706
0,507912
0,546205
0,533429
0,700859
0,971604
0,581063
0,781371
0,663113
0,521567
0,540537
0,563523
0,553448
0,505739
0,552961
0,628269
0,691777
0,524765
0,975994
0,750146
1,080783
0,833194
0,655248
0,722001
0,654104
0,603472
0,651279
0,550586
0,53522
0,613862
0,556768
0,607244
0,596483
0,540302
0,538407
0,517619
0,547427
0,508311
0,494846
0,529864
0,546359
0,485258
0,559797
0,541158
0,607973
0,791873
0,646087
0,533022
0,563134
0,600939
0,576229
0,713433
0,550597
0,636044
0,560495
0,479654
0,483171
0,563073
0,571125
0,553274
0,522176
0,551461
0,464614
0,533105
0,510125
0,510248
0,527134
0,536689
0,517589
0,477987
0,525529
0,500529
0,549434
0,599173
0,506671
0,542824
0,58117
0,614368
0,600385
0,711734
0,588534
0,625233
0,560805
0,538433
0,502738
0,569326
0,562741
0,537051
0,572182
0,591864
0,55295
0,538966
0,474995
0,541603
0,531998
0,49575
0,471965
0,507552
0,522928
0,490317
0,527574
0,54514
0,564891
0,516623
0,521601
0,572579
0,560868
0,534078
0,596674
0,529207
0,505168
0,512642
0,597537
0,617691
0,544765
0,547045
0,577429
0,558328
0,607217
0,891427
0,508685
0,563546
0,56649
0,596058
0,547061
0,458005
0,476357
0,511842
0,476341
0,444097
0,432637
0,469941
0,446413
0,491146
0,442827
0,477457
0,463644
0,513242
0,45848
0,517421
0,4833
0,444671
0,459173
0,451219
0,460724
0,481538
0,475394
0,430816
0,455961
0,472258
0,543826
0,480947
0,455351
0,464622
0,49079
0,467564
0,504859
0,440192
0,453449
0,458786
0,464465
0,469681
0,483044
0,473084
0,454203
0,445105
0,459972
0,478132
0,473411
0,478024
0,471096
0,476977
0,466814
0,472675
0,454171
0,460678
0,447041
0,437377
0,458319
0,485929
0,479386
0,459585
0,458267
0,442362
0,463625
0,500968
0,451074
0,435562
0,46662
0,437912
0,447452
0,450585
0,480065
0,457471
0,466638
0,460588
0,441736
0,500273
0,570862
0,58016
0,554149
0,830863
0,649874
0,799397
0,681059
0,800525
0,565057
0,675923
0,643502
0,655382
0,630394
0,628421
1,045988
0,8382
0,824326
0,592381
0,565055
0,533104
0,558154
0,737787
0,529357
0,562582
0,58371
0,587035
0,507158
0,482402
0,563829
0,581166
0,544332
0,737372
0,609599
0,569217
0,823981
0,645932
0,555915
0,627966
0,565359
0,510795
0,505236
0,504181
0,521966
0,865689
0,612281
0,578746
0,581993
0,543459
0,527942
0,538607
0,502602
0,525306
0,560244
0,676947
0,659465
0,597875
0,553155
0,523156
1,770208
0,632053
0,653455
0,595432
0,594148
0,572772
0,632434
0,620991
0,666583
0,542191
0,501784
0,493796
0,523042
0,575585
0,525582
0,51549
0,511291
0,460228
0,496283
0,457204
0,438274
0,534201
0,693901
0,564551
0,540596
0,583358
0,573508
0,702954
0,664393
0,550166
0,567648
0,510707
0,519912
0,660657
0,691395
0,585587
0,603866
0,681805
0,496323
0,512396
0,534785
0,509557
0,459466
0,463786
0,46114
0,461906
0,509273
0,466863
0,45664
0,491566
0,524991
0,459203
0,506789
0,472991
0,581758
0,556679
0,548324
0,623415
0,557406
0,432672
0,468868
0,559284
0,763423
0,618193
0,547429
0,623663
0,480316
0,487905
0,474921
0,537829
0,52664
0,499207
0,474927
0,49761
0,501706
0,554743
0,52304
0,53323
0,515476
0,472628
0,464413
0,453279
0,478716
0,477273
0,447848
0,474306
0,557937
0,725985
0,724002
0,6558
0,478171
0,491746
0,485896
0,467035
0,502039
0,589381
0,582352
0,62186
0,686745
0,533012
0,548723
0,516753
0,684991
0,519598
0,565267
0,511074
0,462212
0,430993
0,45364
0,448615
0,46998
0,492452
0,42723
0,444159
0,466617
0,430581
0,486522
0,483534
0,4369
0,471955
0,539336
0,617673
0,55138
0,551995
0,581854
0,493415
0,549283
0,655991
0,703355
0,552698
0,474218
0,456545
0,46102
0,463691
0,436819
0,478162
0,437487
0,50156
0,449923
0,449413
0,454903
0,447729
0,451225
0,435038
0,494363
0,458218
0,484403
0,48856
0,443558
0,463005
0,477031
0,439216
0,541221
0,756872
0,485959
0,51066
0,483577
0,509025
0,503017
0,474349
0,541508
0,50446
0,475493
0,446313
0,474159
0,45146
0,463737
0,465134
0,469765
0,469819
0,442363
0,460435
0,457215
0,442731
0,499617
0,443436
0,470092
0,455945
0,43487
0,447599
0,447228
0,463465
0,434161
0,481585
0,481282
0,444049
0,515072
0,539504
0,524015
0,475631
0,473079
0,449152
0,438765
0,688975
0,545451
0,489056
0,494203
0,467
0,466621
0,484781
0,442884
0,50284
0,506077
0,510651
0,517585
0,577348
0,548582
0,574568
0,466629
0,455477
0,487395
0,715613
0,561676
0,47338
0,505296